ProjectID,Date,Origin,Destination,Modo,0000_0059,0100_0159,0200_0259,0400_0459,0500_0559,0600_0659,0700_0759,0800_0859,0900_0959,1000_1059,1100_1159,1200_1259,1300_1359,1400_1459,1500_1559,1600_1659,1700_1759,1800_1859,1900_1959,2000_2059,2100_2159,2200_2259
41,2020-03-11,100:206,100:206,bus,,,,,,,,,,,18.0,,,,,,,,,,,
41,2020-03-11,100:206,100:206,private_transport,,,,,,,,,,,11.0,,,,,,,,,,,
41,2020-03-11,100:206,103:203,bus,,,,,,,26.0,,,,,,,,,,,,,,,
41,2020-03-11,100:206,103:203,private_transport,,,,,,,22.0,,,,,,,,,,,,,,,
41,2020-03-11,100:206,107:207,bus,,,,,17.0,,,,,11.0,,,,,,,,,,,,
41,2020-03-11,100:206,126:160,bus,,,,,,,30.0,,,,,,,,,,,,,,,
41,2020-03-11,100:206,126:160,private_transport,,,,,,,11.0,,,,,,,,,,,,,,,
41,2020-03-11,100:206,128:142,bus,,,,,,,,,,,11.0,,,,,,,,,,,
41,2020-03-11,100:206,128:142,private_transport,,,,,10.0,,,,,,,,,,,,,,,,,
41,2020-03-11,100:206,143:143,bus,,,,,13.0,,,,,,,,,,,,,,,,,
41,2020-03-11,100:206,143:143,private_transport,,14.0,,,,,,,,,,,,,,,,,,,,
41,2020-03-11,100:206,151:119,bus,,,,,,,,,,,,,,11.0,,,,,,,,
41,2020-03-11,100:206,151:119,private_transport,,,,,,,,,,,,,,12.0,,,,,,,,
41,2020-03-11,100:206,156:130,private_transport,,,,,,,,,,,,,,,,,12.0,,,,,
41,2020-03-11,100:206,45:319,bus,,,,,,,,,10.0,,,,,,,,,,,,,
41,2020-03-11,100:206,45:319,private_transport,,,,,,,,,11.0,,,,,,,,,,,,,
41,2020-03-11,100:206,58:303,bus,,,,,,,,,24.0,,,,,,,,,,,,,
41,2020-03-11,100:206,58:303,private_transport,,,,,,,,,30.0,,,,,,,,,,,,,
41,2020-03-11,100:206,62:307,private_transport,,,,,,,23.0,,,,,,,,,,,,,,,
41,2020-03-11,100:206,72:411,private_transport,,,,,,,,,,,,,,51.0,,,,,,,,
41,2020-03-11,100:206,76:314,bus,,,,,11.0,,,,,,,,,,,,,,,,,
41,2020-03-11,100:206,76:314,private_transport,,,,,,25.0,,,,,,,,,,,,,,,,
41,2020-03-11,100:206,83:108,bus,,,,,11.0,,,,,,,,,,,,,,,,,
41,2020-03-11,100:206,83:108,private_transport,,11.0,,,,,,,,,,,,,,,,,,,,
41,2020-03-11,100:206,88:103,bus,,,,,,,,,,,,,,,,,,,12.0,,,
41,2020-03-11,100:206,97:102,bus,,,,,,,,,,,,,,,,,,,28.0,,,
41,2020-03-11,101:205,126:160,bus,,,,,,,,,,,,,,,,11.0,,,,,,
41,2020-03-11,101:205,45:319,bus,,,,,,,16.0,,,,,,,,,,,,,,,
41,2020-03-11,101:205,45:319,private_transport,,,,,,,19.0,,,,,,,,,,,,,,,
41,2020-03-11,101:205,76:314,private_transport,,,,,,,11.0,,,,,,,,,,,,,,,
41,2020-03-11,101:205,83:108,bus,,,,,,,,,,,,,,12.0,,,,,,,,
41,2020-03-11,101:205,97:102,bus,,,,,,,,,,,,,,,,23.0,,,,,,
41,2020-03-11,101:205,101:205,bus,,,,12.0,,,,,,,,,,,,,,13.0,,,,
41,2020-03-11,101:205,101:205,private_transport,,,,10.0,,,,,,,,,,,,,,11.0,,,,
41,2020-03-11,101:205,158:128,bus,,,,,,,,,,,11.0,,,,,,,,,,,
41,2020-03-11,101:205,64:306,private_transport,,,,,,,,,,,,,,,,,,,,,,41.0
41,2020-03-11,102:204,135:135,bus,,,,,,,,,,,,,,,,,,,10.0,,,
41,2020-03-11,103:203,103:203,bus,,,,,,,,,35.0,,32.0,,10.0,,,,,,,,,
41,2020-03-11,103:203,103:203,private_transport,16.0,,,,,,,,17.0,,21.0,,,,,,,,,,,
41,2020-03-11,103:203,45:319,bus,,,,,,,,,10.0,,,,,,,,,,,,,
41,2020-03-11,103:203,58:303,bus,,,,,,,,,19.0,,,,,,,,,,,,,
41,2020-03-11,103:203,83:108,bus,,,,,,,,,,,,11.0,,,,,,,,,,
41,2020-03-11,103:203,130:140,bus,,,,,,,,,,,,10.0,,,,,,,,,,
41,2020-03-11,103:203,130:140,private_transport,,,,,,,,,,,,10.0,,,,,,,,,,
41,2020-03-11,103:203,131:139,bus,,,,,,,,,26.0,,13.0,,,,,,,,,,,
41,2020-03-11,103:203,134:136,private_transport,,,,,,,,,,10.0,,,,,,,,,,,,
41,2020-03-11,103:203,138:148,private_transport,22.0,,,,,,,,,,,,,,,,,,,,,
41,2020-03-11,103:203,140:146,private_transport,,,,,,,,,,25.0,,,,,,,,,,,,
41,2020-03-11,103:203,141:145,private_transport,,,,,,,,,,31.0,,,,,,,,,,,,
41,2020-03-11,103:203,152:134,private_transport,,,,,,,,,,,,11.0,,,,,,,,,,
41,2020-03-11,103:203,87:104,bus,,,,,,,10.0,,,,,,,,,,,,,,,
41,2020-03-11,103:203,90:117,private_transport,,,,,,,,,,,11.0,,,,,,,,,,,
41,2020-03-11,104:202,45:319,bus,,,,,,,,,,,,,29.0,,,,,,,,,
41,2020-03-11,104:202,45:319,private_transport,,,,,,,,,,,,,21.0,,,,,,,,,
41,2020-03-11,104:202,111:167,bus,,,,,,,,,,,,28.0,,,,,,,,,,
41,2020-03-11,104:202,111:167,private_transport,,,,,,,,,,,,23.0,,,,,,,,,,
41,2020-03-11,106:208,118:152,bus,,,,,,,,,,,,,,,,,,15.0,,,,
41,2020-03-11,106:208,95:112,private_transport,,,,,,,,,,,,,,,,,,10.0,,,,
41,2020-03-11,107:207,100:206,bus,,,,,11.0,,,,,,,,,,,,,,,,,
41,2020-03-11,107:207,103:203,bus,,,,,,,14.0,,,,,,,,,,,,,,,
41,2020-03-11,107:207,107:207,private_transport,,,,,10.0,,,,,,,,,,,,,,,,,
41,2020-03-11,107:207,126:160,bus,,,,,,,26.0,,,,,,,,,,,,,,,
41,2020-03-11,107:207,143:143,bus,,,,,18.0,,,,,,,,,,,,,,,,,
41,2020-03-11,107:207,143:143,private_transport,,12.0,,,,,,,,,,,,,,,,,,,,
41,2020-03-11,107:207,156:130,private_transport,,,,,,,,,,,,,,,,,16.0,,,,,
41,2020-03-11,107:207,58:303,private_transport,,,,,,,,,14.0,,,,,,,,,,,,,
41,2020-03-11,107:207,62:307,private_transport,,,,,,,31.0,,,,,,,,,,,,,,,
41,2020-03-11,107:207,72:411,private_transport,,,,,,,,,,,,,,39.0,,,,,,,,
41,2020-03-11,107:207,76:314,bus,,,,,,11.0,,,,,,,,,,,,,,,,
41,2020-03-11,107:207,76:314,private_transport,,,,,,25.0,,,,,,,,,,,,,,,,
41,2020-03-11,107:207,83:108,bus,,,,,20.0,,,,,,,,,,,,,,,,,
41,2020-03-11,107:207,88:103,bus,,,,,,,,,,,,,,,,,,,14.0,,,
41,2020-03-11,107:207,97:102,bus,,,,,,,,,,,,,,,,,,,29.0,,,
41,2020-03-11,107:207,131:139,private_transport,,,,,,,13.0,,,,,,,,,,,,,,,
41,2020-03-11,107:207,118:152,bus,,,,,,,,,,,,,,,,,,10.0,,,,
41,2020-03-11,107:207,118:152,private_transport,,,,,,,,,,,,,,,,,,16.0,,,,
41,2020-03-11,107:207,95:112,bus,,,,,,,,,,,,,,,,,,13.0,,,,
41,2020-03-11,107:207,108:170,private_transport,,,,,,,,,,,,,,11.0,,,,,,,,
41,2020-03-11,107:207,116:154,bus,,,,,,,,,,,,,,,,,,17.0,,,,
41,2020-03-11,107:207,139:147,bus,,,,,,,,,,,,,,,,,,12.0,,,,
41,2020-03-11,108:170,152:134,bus,,,,,,,26.0,,,,,,,,,,,,,,,
41,2020-03-11,108:170,152:134,private_transport,,,,,,,14.0,,,,,,,,,,,,,,,
41,2020-03-11,108:170,87:104,bus,,,,,,,,,,,10.0,,,,,35.0,,,,,,
41,2020-03-11,108:170,87:104,private_transport,,,,,,,,,,,,,,,,13.0,,,,,,
41,2020-03-11,108:170,108:170,bus,,,,,,,,,,,,,,,17.0,,,,,,,
41,2020-03-11,108:170,108:170,private_transport,,,,,,,,,,,,,,,14.0,,,,,,,
41,2020-03-11,108:170,121:165,private_transport,,,,,,,,,,,,,,,,,,,16.0,,,
41,2020-03-11,108:170,154:132,private_transport,,,,,,,11.0,,,,,,,,,,,,,,,
41,2020-03-11,108:170,84:107,bus,,,,,,,,,,,16.0,,,,,,,,,,,
41,2020-03-11,108:170,84:107,private_transport,,,,,,,,,,,,,,,,,,,13.0,,,
41,2020-03-11,108:170,86:105,bus,,,,,,,,,,,,,,,,,,,12.0,,,
41,2020-03-11,108:170,91:116,private_transport,,,,,,,,,,,,,,,,10.0,,,,,,
41,2020-03-11,108:170,92:115,private_transport,,,,,,,,,,,,,,,,11.0,,,,,,
41,2020-03-11,108:170,94:113,bus,,,,,,,10.0,,,,,,,,,,,,,,,
41,2020-03-11,108:170,96:111,private_transport,,,,,,,,,10.0,,,,,,,,,,,,,
41,2020-03-11,109:169,126:160,bus,,,,,,,,,,,,13.0,,,,,,,,,,
41,2020-03-11,109:169,128:142,private_transport,,,,,,,,,,,,10.0,,,,,,,,,,
41,2020-03-11,109:169,58:303,bus,,,,,,,,,10.0,,,,,,,,,,,,,
41,2020-03-11,109:169,76:314,private_transport,,,,,,,15.0,,,,,,,,,,,,,,,
41,2020-03-11,109:169,83:108,bus,,,,,13.0,,14.0,,,,15.0,,,14.0,,,,,,,,
41,2020-03-11,109:169,83:108,private_transport,,,,,,,14.0,,,,,10.0,,,,,,,16.0,,,
41,2020-03-11,109:169,140:146,bus,,,,,,,,,11.0,,,,,,,,,,,,,
41,2020-03-11,109:169,87:104,bus,,,,,,,,,,,,,,,,,,,15.0,,,
41,2020-03-11,109:169,90:117,bus,,,,,,21.0,,12.0,,,,,,,,,,,,,,
41,2020-03-11,109:169,139:147,bus,,,,,,,,,11.0,,,,,,,,,,,,,
41,2020-03-11,109:169,121:165,bus,,,,,,,,,,,11.0,,,,,,,,,,,
41,2020-03-11,109:169,154:132,bus,,,,,,,,10.0,,,,,,,,,,,,,,
41,2020-03-11,109:169,154:132,private_transport,,,,,,,,11.0,,,,,,,,,,,,,,
41,2020-03-11,109:169,84:107,bus,,,,,,,,,,,11.0,,,,,,,,,,,
41,2020-03-11,109:169,86:105,bus,,,,,,,,,,,10.0,,,,,,,,,,,
41,2020-03-11,109:169,109:169,bus,,,,,15.0,,15.0,,,,,,,,,,11.0,,,,,
41,2020-03-11,109:169,120:166,private_transport,,,,,,,,,11.0,,,,,,,,,,,,,
41,2020-03-11,109:169,137:149,bus,,,,,,,,,,,11.0,,,,,,,,,,,
41,2020-03-11,109:169,145:125,bus,,,,,,11.0,,,,,,,,,,,,,,,,
41,2020-03-11,109:169,150:120,bus,,,,,,,,,,,,,11.0,,,,,,,,,
41,2020-03-11,109:169,150:120,private_transport,,,,,,,,,,,,,13.0,,,,,,,,,
41,2020-03-11,109:169,153:133,bus,,,,,,,,,,,,,,,,,,,,,10.0,
41,2020-03-11,109:169,159:127,bus,,,,,,14.0,,,,,,,,,,,,,,,,
41,2020-03-11,109:169,160:110,bus,,,,,,,,,,,,10.0,,,,,,,,,,
41,2020-03-11,109:169,47:320,private_transport,,,,,,,,,20.0,,,,,,,,,,,,,
41,2020-03-11,109:169,61:413,private_transport,,,,,,,,,,,,,,,,,24.0,,,,,
41,2020-03-11,109:169,89:118,bus,,,,,,,,17.0,,,,,,,,,,,,,,
41,2020-03-11,109:169,98:217,bus,,,,,,,10.0,,,,,,,,,,,,,,,
41,2020-03-11,109:169,99:101,bus,,,,,,,,,15.0,,,,,,,,,,,,,
41,2020-03-11,109:169,99:101,private_transport,,,,,,,,,13.0,,,,,,,,,,,,,
41,2020-03-11,110:168,100:206,bus,,,,,,,,,,,,,,,,,,16.0,,,,
41,2020-03-11,110:168,100:206,private_transport,,,,,,,,,,,,,,,,,,11.0,,,,
41,2020-03-11,110:168,107:207,bus,,,,,,,,,,,,,,,,,,18.0,,,,
41,2020-03-11,110:168,128:142,bus,,,,,,,,,,,,,,,,,,15.0,,,,
41,2020-03-11,110:168,143:143,bus,,,,,,,,,,,,,,,,,,18.0,,,,
41,2020-03-11,110:168,45:319,bus,,,,,,,,,,,,,60.0,,,,,,,,,
41,2020-03-11,110:168,45:319,private_transport,,,,,,,,,,,,,47.0,,,,17.0,,,,,
41,2020-03-11,110:168,83:108,private_transport,,,,,,,,,,,,,,,,,,10.0,,,,
41,2020-03-11,110:168,88:103,bus,,,,,,,,15.0,,,,,,,,,,,,,,
41,2020-03-11,110:168,88:103,private_transport,,,,,,,,27.0,,,,,,,,,,,,,,
41,2020-03-11,110:168,97:102,bus,,,,,,,,11.0,,,,,15.0,,,,,,,,,
41,2020-03-11,110:168,97:102,private_transport,,,,,,,,,,,,,19.0,,,,,,,,,
41,2020-03-11,110:168,138:148,bus,,,,,,,,,,,,12.0,,,,,,,,,,
41,2020-03-11,110:168,87:104,bus,,,,,,,,,,,,,,,,44.0,,,55.0,,,
41,2020-03-11,110:168,87:104,private_transport,,,,,,,,,,,,,,,,17.0,,,33.0,,,
41,2020-03-11,110:168,90:117,bus,,,,,,,,28.0,,,,,,,,,,,,,,
41,2020-03-11,110:168,90:117,private_transport,,,,,,,,33.0,,,,,,,,,,,,,,
41,2020-03-11,110:168,111:167,bus,,,,,,,,,,,,52.0,,,,,,,,,,
41,2020-03-11,110:168,111:167,private_transport,,,,,,,,,,,,25.0,,,,,,,,,,
41,2020-03-11,110:168,121:165,bus,,,,,,,,,,,69.0,,,,,,,,,,,
41,2020-03-11,110:168,121:165,private_transport,,,,,,,,,,,12.0,,,,,,,,,,,
41,2020-03-11,110:168,154:132,private_transport,,,,,,,,,,,,,,,,,,,,,10.0,
41,2020-03-11,110:168,84:107,bus,,,,,,,,,,,31.0,,,,,,,,,,,
41,2020-03-11,110:168,86:105,bus,,,,,,,,,,,41.0,,,,,,,,,,,
41,2020-03-11,110:168,86:105,private_transport,,,,,,,,,,,13.0,,,,,,,,10.0,,,
41,2020-03-11,110:168,91:116,bus,,,,,,,,,,,11.0,,,,,13.0,,,22.0,,,
41,2020-03-11,110:168,91:116,private_transport,,,,,,,,,,,,,,,,10.0,,,13.0,,,
41,2020-03-11,110:168,92:115,private_transport,,,,,,,,,,,,,,,,,,,12.0,,,
41,2020-03-11,110:168,137:149,bus,,,,,,,,,,,18.0,,,,,,,,,,,
41,2020-03-11,110:168,150:120,bus,,,,,,,,,,,,,32.0,,,,,,,,,
41,2020-03-11,110:168,150:120,private_transport,,,,,,,,,,,,,46.0,,,,,,,,,
41,2020-03-11,110:168,98:217,bus,,,,,,,,,,,,,,,41.0,,,,,,,
41,2020-03-11,110:168,98:217,private_transport,,,,,,,,,,,,,,,25.0,,,,,,,
41,2020-03-11,110:168,144:126,bus,,,,,,,,,,,,,,,,10.0,,,14.0,,,
41,2020-03-11,110:168,276:144,bus,,,,,,,,,,,,,,,16.0,,,,,,,
41,2020-03-11,110:168,85:106,private_transport,,,,,,,,11.0,,,,,,,,,,,,,,
41,2020-03-11,111:167,126:160,bus,,,,,,45.0,,,,,,,,,13.0,,,,,,,
41,2020-03-11,111:167,126:160,private_transport,,,,,,62.0,,,,,,,,23.0,,,,,,,,
41,2020-03-11,111:167,45:319,bus,,,,,,,,,,,,,20.0,,,,,,,,,
41,2020-03-11,111:167,45:319,private_transport,,,,,,,,,,,,,17.0,,,,27.0,,,,,
41,2020-03-11,111:167,83:108,bus,,,,,,,,,56.0,,,,,,,,,,,,,
41,2020-03-11,111:167,83:108,private_transport,,,,,,,,,76.0,,,,,,,,,,,,,
41,2020-03-11,111:167,97:102,bus,,,,,,,18.0,,,,,,,,,,,,,,,
41,2020-03-11,111:167,97:102,private_transport,,,,,,13.0,10.0,,,,,,,,,,,,,,,
41,2020-03-11,111:167,140:146,bus,,,,,,,,,,,,,,18.0,,,,,,,,
41,2020-03-11,111:167,141:145,private_transport,,,,,,,,,,,,,,11.0,,,,,,,,
41,2020-03-11,111:167,90:117,bus,,,,,,22.0,,,,,,,,,,,,,,,,
41,2020-03-11,111:167,90:117,private_transport,,,,,,25.0,,,,,,,,12.0,,,,,,,,
41,2020-03-11,111:167,111:167,bus,,,,,,14.0,,,,,,89.0,,,,,,,,,,142.0
41,2020-03-11,111:167,111:167,private_transport,,,,,,,,,,,,79.0,,,,,,,,,,
41,2020-03-11,111:167,139:147,private_transport,,,,,,,,,,,,,,11.0,,,,,,,,
41,2020-03-11,111:167,92:115,bus,,,,,,,,,,,,,,,,,22.0,,,,,
41,2020-03-11,111:167,92:115,private_transport,,,,,,,,,10.0,,,,,,,,,,,,,
41,2020-03-11,111:167,109:169,bus,,,,,,,,,19.0,,,,,,,,,,,,,
41,2020-03-11,111:167,109:169,private_transport,,,,,,,,,12.0,,,,,,,,,,,,,
41,2020-03-11,111:167,153:133,bus,,,,,,,,,,,11.0,,,,,,,,,,,
41,2020-03-11,111:167,160:110,bus,,,,,,15.0,,,,,,,,,,,,,,,,
41,2020-03-11,111:167,160:110,private_transport,,,,,,16.0,,,,,,,,,,,10.0,,,,,
41,2020-03-11,111:167,127:159,bus,,,,,,,,,,,11.0,,,,,,,,,,,
41,2020-03-11,111:167,148:122,bus,,,,,,29.0,,,,,,,,,,,,,,,,
41,2020-03-11,111:167,148:122,private_transport,,,,,,12.0,,,,,,,,,,,,,,,,
41,2020-03-11,111:167,155:131,private_transport,,,,,,,,,,,11.0,,,,,,,,,,,
41,2020-03-11,111:167,157:129,bus,,,,,,11.0,,,,,,,,,,,,,,,,
41,2020-03-11,112:158,118:152,bus,,,,,,,,,,,,,,,,,,11.0,,,,
41,2020-03-11,112:158,116:154,private_transport,,,,,,,,,,,,,,,,,,15.0,,,,
41,2020-03-11,112:158,139:147,bus,,,,,,,,,,,,,,,,,,17.0,,,,
41,2020-03-11,113:157,130:140,private_transport,,,,,,,,,10.0,,,,,,,,,,,,,
41,2020-03-11,113:157,95:112,bus,,,,,,,13.0,,,,,,,,,,,,14.0,,,
41,2020-03-11,113:157,154:132,bus,,,,,,,,,15.0,,,,,,,,,,,,,
41,2020-03-11,113:157,98:217,bus,,,,,,,,,,,,,10.0,,,,,,,,,
41,2020-03-11,113:157,110:168,bus,,,,,,,,,,,,,43.0,,,,,,,,,
41,2020-03-11,113:157,110:168,private_transport,,,,,,,,,,,,,10.0,,,,,,,,,
41,2020-03-11,115:155,151:119,bus,,,,,,,,10.0,,,,,,,,,,,,,,
41,2020-03-11,115:155,83:108,bus,,,,,12.0,,,,,,,,,,,,,,,,,
41,2020-03-11,115:155,97:102,private_transport,,,,,,11.0,,,,,,,,,,,,,,,,
41,2020-03-11,116:154,107:207,bus,,,,,,,13.0,,,,,,,,,,,,,,,
41,2020-03-11,116:154,128:142,bus,,,,,10.0,,,,,,,,,,,,,,,,,
41,2020-03-11,116:154,45:319,private_transport,29.0,,,,,,,,,,,,,,,,,,,,,
41,2020-03-11,116:154,83:108,bus,,,,,46.0,,,,,,,,,,,,,,,,,
41,2020-03-11,116:154,83:108,private_transport,,,,,15.0,,,,,,,,,,,,,,,,,
41,2020-03-11,116:154,97:102,bus,,,,,,33.0,,,,,,,,,,,,,,,,
41,2020-03-11,116:154,97:102,private_transport,,,,,,29.0,,,,,,,,,,,,,,,,
41,2020-03-11,116:154,152:134,bus,,,,,,,,,,,,,,20.0,,,,,,,,
41,2020-03-11,116:154,118:152,bus,,,,,,,,19.0,,,,,,,,,,,,,,
41,2020-03-11,116:154,95:112,bus,,,,,,,,13.0,,,,,,,,,,,,,,
41,2020-03-11,116:154,116:154,bus,,,,,,,,10.0,,,,,,,,,,,,,,
41,2020-03-11,116:154,139:147,bus,,,,,,,,13.0,,,,,,,,,,,,,,
41,2020-03-11,116:154,139:147,private_transport,,,,,,,13.0,,,,,,,,,,,,,,,
41,2020-03-11,116:154,154:132,bus,,,,,,,,,,,,,,,,,,11.0,,,,
41,2020-03-11,116:154,153:133,bus,,,,,,,,,,,,,,17.0,,,,,,,,
41,2020-03-11,116:154,98:217,bus,,,,,16.0,,,,12.0,,,,,,,,,,,,,
41,2020-03-11,116:154,98:217,private_transport,,,,,10.0,,,,,,,,,,,,,,,,,
41,2020-03-11,116:154,127:159,bus,,,,,,,,,,,,,,,,,,10.0,,,,
41,2020-03-11,116:154,110:168,bus,,,,,,,,,11.0,,,,,,,,,,,,,
41,2020-03-11,116:154,110:168,private_transport,,,,,,,18.0,,,,,,,,,,,,,,,
41,2020-03-11,116:154,114:156,bus,,,,,,,,,13.0,,,,,,,,,,,,,
41,2020-03-11,117:153,83:108,private_transport,,,,,11.0,,,,,,,,,,,,,,,,,
41,2020-03-11,117:153,97:102,private_transport,,,,,,11.0,,,,,,,,,,,,,,,,
41,2020-03-11,117:153,127:159,bus,,,,,,,,,,,,,,11.0,,,,,,,,
41,2020-03-11,117:153,110:168,bus,,,,,,,,,,,,,12.0,,,,,,,,,
41,2020-03-11,117:153,110:168,private_transport,,,,,,,,,,,,,11.0,,,,,,,,,
41,2020-03-11,118:152,100:206,bus,,,,,,,10.0,,,,,,,,,,,,,,,
41,2020-03-11,118:152,107:207,bus,,,,,,,13.0,,,,,,,,,,,,,,,
41,2020-03-11,118:152,107:207,private_transport,,,,,,,11.0,,,,,,,,,,,,,,,
41,2020-03-11,118:152,126:160,bus,,,,,,14.0,,,,,,,,,,,,,,,,
41,2020-03-11,118:152,126:160,private_transport,,,,,,16.0,,,,,,,,,,,,,,,,
41,2020-03-11,118:152,128:142,bus,,,,,15.0,,,,,,,,,,,,,,,,,
41,2020-03-11,118:152,128:142,private_transport,,,,,12.0,,,,,,,,,,,,,,,,,
41,2020-03-11,118:152,143:143,bus,,,,,10.0,,,,,,,,,,,,,,,,,
41,2020-03-11,118:152,83:108,bus,,,,,63.0,,,,,,,,,,,,,,,,,
41,2020-03-11,118:152,83:108,private_transport,,,,,10.0,,,,,,,,,,,,,,,,,
41,2020-03-11,118:152,97:102,bus,,,,,,40.0,,,,,,,,,,,,,,,,
41,2020-03-11,118:152,97:102,private_transport,,,,,,35.0,,,,,,,,,,,,,,,,
41,2020-03-11,118:152,152:134,bus,,,,,,,,,,,,,,18.0,11.0,,,,,,,
41,2020-03-11,118:152,152:134,private_transport,,,,,,,,,,11.0,,,,,,,,,,,,
41,2020-03-11,118:152,118:152,bus,,,,,,,10.0,20.0,,,,,,,,13.0,,,,,,
41,2020-03-11,118:152,118:152,private_transport,,,,,,,,12.0,,,,,,,,,,,,,,
41,2020-03-11,118:152,95:112,bus,,,,,,,,,,,,,,,,12.0,,,,,,
41,2020-03-11,118:152,116:154,bus,,,,,,,,15.0,,,,,,,,10.0,,,,,,
41,2020-03-11,118:152,139:147,bus,,,,,,,,16.0,,,,,,,,,,,,,,
41,2020-03-11,118:152,154:132,bus,,,,,,,,,,,,,,10.0,,,,,,,,
41,2020-03-11,118:152,154:132,private_transport,,,,,,,,,,,,,,11.0,,,,,,,,
41,2020-03-11,118:152,94:113,bus,,,,,11.0,,,,,,,,,,,,,,,,,
41,2020-03-11,118:152,109:169,bus,,,,,26.0,,,,,,,,,,,,,,,,,
41,2020-03-11,118:152,153:133,bus,,,,,,,,,,,,,,14.0,,,,,,,,
41,2020-03-11,118:152,160:110,bus,,,,,,,,,,,11.0,,,,,,,,,,,
41,2020-03-11,118:152,98:217,bus,,,,,17.0,,,,,,,,,,,,,,,,,
41,2020-03-11,118:152,127:159,bus,,,,,,10.0,,,,,,,,,,,,,,,,
41,2020-03-11,118:152,127:159,private_transport,,,,,,,,,,,,,,10.0,,,,,,,,
41,2020-03-11,120:166,135:135,private_transport,,,,,,,,,,,,,,,,,,,12.0,,,
41,2020-03-11,120:166,141:145,private_transport,,,,,,,,,,,,,,,,,12.0,,,,,
41,2020-03-11,120:166,120:166,bus,,,,,,,,,,,,,,,,,35.0,,,,,
41,2020-03-11,120:166,61:413,bus,,,,,,,,,,,,,14.0,,,,,,,,,
41,2020-03-11,121:165,126:160,bus,,,,,,,,,,,,,,22.0,,,,,,,,
41,2020-03-11,121:165,126:160,private_transport,,,,,,,,,,,,,,24.0,,,,,,,,
41,2020-03-11,121:165,156:130,bus,,,,,,,15.0,,,,,,,,,,,,,,,
41,2020-03-11,121:165,97:102,bus,,,,,,,33.0,,,,,,,,,,,,,,,
41,2020-03-11,121:165,97:102,private_transport,,,,,,,16.0,,,,12.0,,,,,,,,,,,
41,2020-03-11,121:165,158:128,bus,,,,,,,,,,,46.0,,,,,,,,,,,
41,2020-03-11,121:165,158:128,private_transport,,,,,,,,,,,23.0,,,,,,,,,,,
41,2020-03-11,121:165,140:146,bus,,,,,,,,,,,,,,15.0,,,15.0,,,,,
41,2020-03-11,121:165,140:146,private_transport,,,,,,,,,,,,,,,,,18.0,,,,,
41,2020-03-11,121:165,141:145,bus,,,,,,,,,,,,,,31.0,,,20.0,,,,,
41,2020-03-11,121:165,141:145,private_transport,,,,,,,,,,,,,,13.0,,,14.0,,,,,
41,2020-03-11,121:165,87:104,private_transport,,,,,,,,,17.0,,,,,,,,,,,,,
41,2020-03-11,121:165,90:117,bus,,,,,,,,,,,,,,12.0,,,,,,,,
41,2020-03-11,121:165,90:117,private_transport,,,,,,,,,,,,,,11.0,,,,,,,,
41,2020-03-11,121:165,139:147,private_transport,,,,,,,,,,,,,,,,,12.0,,,,,
41,2020-03-11,121:165,121:165,bus,,,,,,,,,,,24.0,,,,,,,,,,,
41,2020-03-11,121:165,121:165,private_transport,,46.0,,,,,,,,,15.0,,,,,,,,,,,
41,2020-03-11,121:165,154:132,private_transport,,,,,,,,,,,12.0,,,,,,,,,,,
41,2020-03-11,121:165,84:107,bus,,,,,,,,,,,15.0,,,,,,,,,,,
41,2020-03-11,121:165,84:107,private_transport,,24.0,,,,,,,,,,,,,,,,,,,,
41,2020-03-11,121:165,86:105,bus,,,,,,,,,,,19.0,,,,,,,,,,,
41,2020-03-11,121:165,86:105,private_transport,,23.0,,,,,,,,,,,,,,,,,,,,
41,2020-03-11,121:165,91:116,bus,,,,,,,,,10.0,,,,,,,,,,,,,
41,2020-03-11,121:165,91:116,private_transport,,,,,,,,,10.0,,,,,,,,,,,,,
41,2020-03-11,121:165,94:113,bus,,,,,,,,,,,11.0,,,,,,,,,,,
41,2020-03-11,121:165,96:111,bus,,,,,,,18.0,,,,,,,,,,,,,,,
41,2020-03-11,121:165,137:149,bus,,,,,,,,,,,10.0,,,,,,,,,,,
41,2020-03-11,121:165,137:149,private_transport,,13.0,,,,,,,,,,,,,,,,,,,,
41,2020-03-11,121:165,159:127,bus,,,,,,,,,,,,,,40.0,,,,,,,,
41,2020-03-11,121:165,160:110,bus,,,,,,,31.0,,,,,,,,,,,,,,,
41,2020-03-11,121:165,127:159,private_transport,,,,,,,,,,,10.0,,,,,,,,,,,
41,2020-03-11,121:165,110:168,bus,,,,,,,,,,,,29.0,,,,,,,,,,
41,2020-03-11,121:165,110:168,private_transport,,,,,,,,,,,,23.0,,,,,,,,,,
41,2020-03-11,121:165,104:202,private_transport,,,,,,,,,,,,18.0,,,,,,,,,,
41,2020-03-11,121:165,147:123,bus,,,,,,,,,,,,14.0,,,,,,,,,,
41,2020-03-11,122:164,126:160,bus,,,,,,,,,,,,,,,,,,20.0,,,,
41,2020-03-11,122:164,83:108,bus,,,,,,,,,,,,,,,,,,,37.0,,,
41,2020-03-11,122:164,83:108,private_transport,,,,,,,,,,,,,,,,,,,10.0,,,
41,2020-03-11,122:164,152:134,bus,,,,,,,,,,,,,,,,,,,12.0,,,
41,2020-03-11,122:164,154:132,bus,,,,,,,,,,,,,,,,,,,,,18.0,
41,2020-03-11,122:164,160:110,bus,,,,,,,,,,,,,,,,,,10.0,,,,
41,2020-03-11,122:164,127:159,bus,,,,,,,,,,,,,,,,,,,20.0,,,
41,2020-03-11,122:164,127:159,private_transport,,,,,,,,,,,,,,,,,,,14.0,,,
41,2020-03-11,123:163,90:117,bus,,,,,,,,,,,,,,,,,,13.0,,,,
41,2020-03-11,123:163,154:132,private_transport,,,,,,,,,,,,,,,,,,,,,12.0,
41,2020-03-11,123:163,109:169,bus,,,,,,,,,,,,,,,,,,,10.0,,,
41,2020-03-11,123:163,145:125,bus,,,,,,11.0,,,,,,,,,,,,,,,,
41,2020-03-11,123:163,145:125,private_transport,,,,,,16.0,,,,,,,,,,,,,,,,
41,2020-03-11,123:163,153:133,bus,,,,,,,,,,,,,,,,,,,,,11.0,
41,2020-03-11,123:163,127:159,bus,,,,,,,,,,,,,,,,,,,10.0,,,
41,2020-03-11,124:162,141:145,private_transport,,,,,,,,,,14.0,,,,,,,,,,,,
41,2020-03-11,124:162,56:416,private_transport,,,,46.0,,,,,,,,,,,,,,,,,,
41,2020-03-11,125:161,56:416,private_transport,,,,14.0,,,,,,,,,,,,,,,,,,
41,2020-03-11,126:160,103:203,private_transport,,,,,,,,21.0,,,,,,,,,,,,,,
41,2020-03-11,126:160,126:160,bus,,,,,,,64.0,,12.0,19.0,110.0,,11.0,,15.0,111.0,,,,31.0,,
41,2020-03-11,126:160,126:160,private_transport,,,66.0,,,,25.0,,10.0,,54.0,,,,13.0,36.0,,,,23.0,,
41,2020-03-11,126:160,128:142,bus,,,,,,,,,,,,,,,,,,,,,15.0,
41,2020-03-11,126:160,128:142,private_transport,,,,,,,,,,,,,,,,,,,,,12.0,
41,2020-03-11,126:160,45:319,bus,,,,,,,13.0,,,,,,,,,,,,,,,
41,2020-03-11,126:160,45:319,private_transport,,,,,,,13.0,,,,,,,,,,,,,,,
41,2020-03-11,126:160,83:108,bus,,,,,,,,,,,,,,,,,,,,,91.0,
41,2020-03-11,126:160,83:108,private_transport,,,,,,,,,,,,,,,,,,,,,52.0,
41,2020-03-11,126:160,97:102,bus,,,,,,,,,33.0,,14.0,13.0,18.0,,55.0,28.0,,,,47.0,,
41,2020-03-11,126:160,97:102,private_transport,,,11.0,,,,,,24.0,15.0,,,12.0,,34.0,,,,,28.0,,
41,2020-03-11,126:160,101:205,bus,,,,,,,,,,,,,,,,,,,,,10.0,
41,2020-03-11,126:160,158:128,bus,,,,,,,,,,,,,,,,13.0,,,,,,
41,2020-03-11,126:160,158:128,private_transport,,,,,,,,,,,,,,,,15.0,,,,,,
41,2020-03-11,126:160,64:306,bus,,,,,,,,,,,,,78.0,,,,,,,,,
41,2020-03-11,126:160,64:306,private_transport,,,,,,,,,,,,,65.0,,,,,,,,,
41,2020-03-11,126:160,131:139,bus,,,,,,,,,,,,,,,,,,,10.0,14.0,,
41,2020-03-11,126:160,131:139,private_transport,,,,,,,31.0,15.0,,,,,,,,,,,,,,
41,2020-03-11,126:160,138:148,bus,,,,,,,,,,,,,,,,11.0,,,,,,
41,2020-03-11,126:160,152:134,bus,,,,,,,15.0,,,,,,,11.0,,,,,,,,
41,2020-03-11,126:160,152:134,private_transport,,,,,,,18.0,10.0,,,,,,,,,,,,,,
41,2020-03-11,126:160,87:104,bus,,,,,,27.0,,,,47.0,,19.0,,,,43.0,,,,,,
41,2020-03-11,126:160,87:104,private_transport,,,,,,12.0,,10.0,,26.0,,11.0,,,,32.0,,,,,,
41,2020-03-11,126:160,90:117,bus,,,,,,,28.0,31.0,11.0,11.0,123.0,,,,,34.0,,,,17.0,,
41,2020-03-11,126:160,90:117,private_transport,,,21.0,,,,10.0,36.0,,,43.0,,,,,10.0,,,,,,
41,2020-03-11,126:160,111:167,bus,,,,,,,,,,,,,,,,20.0,,,,,,
41,2020-03-11,126:160,111:167,private_transport,,,,,,,,,,,,,12.0,,,11.0,,,,,,
41,2020-03-11,126:160,118:152,bus,,,,,,,29.0,,,,,,,,,,,,,,,
41,2020-03-11,126:160,95:112,bus,,,,,,,12.0,,,,,,,,,,,,10.0,40.0,,
41,2020-03-11,126:160,95:112,private_transport,,,,,,,,,,,,,,,,,,,21.0,24.0,,
41,2020-03-11,126:160,116:154,bus,,,,,,,25.0,,,,,,,,,,,,,,,
41,2020-03-11,126:160,139:147,bus,,,,,,,15.0,,,,,,,,,,,,,,,
41,2020-03-11,126:160,121:165,bus,,,,,,,,,,,,,,10.0,,16.0,,,,,,
41,2020-03-11,126:160,121:165,private_transport,,,,,,,,,,,,12.0,,,,11.0,,,,,,
41,2020-03-11,126:160,84:107,bus,,,,,,,,,,,13.0,,,,,12.0,,,,,,
41,2020-03-11,126:160,86:105,bus,,,,,,,,,,,,,,11.0,,,,,,,,
41,2020-03-11,126:160,91:116,bus,,,,,,10.0,,,,17.0,,,,,,12.0,,,,,,
41,2020-03-11,126:160,91:116,private_transport,,,,,,,,,,16.0,,,,,,,,,,,,
41,2020-03-11,126:160,92:115,bus,,,,,,,,,,,18.0,,,,,,,,,,,
41,2020-03-11,126:160,92:115,private_transport,,,,,,,,,,,,,,,,12.0,,,,,,
41,2020-03-11,126:160,94:113,bus,,,,,,,,,,,,,,,,,,,,29.0,,
41,2020-03-11,126:160,94:113,private_transport,,,,,,,,,,,,,,,,,,,,16.0,,
41,2020-03-11,126:160,109:169,bus,,,,,,,,,,,,,,,,,,,,,12.0,
41,2020-03-11,126:160,109:169,private_transport,,,,,,,,,,,,,,,,,,,,,24.0,
41,2020-03-11,126:160,120:166,private_transport,,,,,,,,,,,,,,,,10.0,,,,,,
41,2020-03-11,126:160,145:125,bus,,,,,,,,,,,,,,,,14.0,,,,,,
41,2020-03-11,126:160,150:120,bus,,,,,,,,,,,,,,,,51.0,,,,,,
41,2020-03-11,126:160,150:120,private_transport,,,,,,,,,,,,,,,,27.0,,,,,,
41,2020-03-11,126:160,153:133,private_transport,,,,,,,12.0,,,,,,,,,,,,,,,
41,2020-03-11,126:160,160:110,bus,,,,,,,,,,11.0,21.0,,,,,,,,,,,
41,2020-03-11,126:160,98:217,bus,,,,,,,38.0,,,,,,,,,,,,,,11.0,
41,2020-03-11,126:160,98:217,private_transport,,,,,,,,,,,,,,,,,,,,,24.0,
41,2020-03-11,126:160,99:101,bus,,,,,,,,,,,,,,,,22.0,,,,,,
41,2020-03-11,126:160,99:101,private_transport,,,,,,,,,,,,,,,,25.0,,,,,,
41,2020-03-11,126:160,144:126,bus,,,,,,,,,,,,10.0,,,,,,,,,,
41,2020-03-11,126:160,144:126,private_transport,,,,,,,,,,13.0,,,,,,,,,,,,
41,2020-03-11,126:160,85:106,bus,,,,,,,,19.0,,,,,,,,,,,,,,
41,2020-03-11,126:160,127:159,bus,,,,,,,,,,,,,,,,,,,,13.0,,
41,2020-03-11,126:160,127:159,private_transport,,,,,,,25.0,,,,,,,,10.0,,,,,,,
41,2020-03-11,126:160,148:122,bus,,,,,,,,,,,,,42.0,,,,,,,,,
41,2020-03-11,126:160,148:122,private_transport,,,,,,,,,,,,,31.0,,,,,,,,,
41,2020-03-11,126:160,157:129,bus,,,,,,,,,,,,,13.0,,,17.0,,,,,,
41,2020-03-11,126:160,157:129,private_transport,,,,,,,,,,,,,12.0,,,,,,,,,
41,2020-03-11,126:160,110:168,bus,,,,,,,86.0,,,21.0,,11.0,,,,,,,,,,
41,2020-03-11,126:160,113:157,bus,,,,,,,,,,,,,,,,,,,,24.0,,
41,2020-03-11,126:160,113:157,private_transport,,,,,,,,,,,,,,,,,,,14.0,,,
41,2020-03-11,126:160,117:153,bus,,,,,,,18.0,,,,,,,,,,,,,,,
41,2020-03-11,126:160,117:153,private_transport,,,,,,,12.0,,,,,,,,,,,,,,,
41,2020-03-11,126:160,123:163,bus,,,,,,,,,,,,,,,,,,,,30.0,,
41,2020-03-11,126:160,124:162,private_transport,,,,,,,,11.0,,,,,,,,,,,,,,
41,2020-03-11,126:160,132:138,bus,,,,,,,13.0,,,,,,,,,,,,,13.0,,
41,2020-03-11,126:160,132:138,private_transport,,,,,,,31.0,,,,,,,,,,,,,14.0,,
41,2020-03-11,126:160,50:412,private_transport,,,,,,,,,,,,,,,,103.0,,,,,,
41,2020-03-11,126:160,93:114,bus,,,,,,,,,,,,,,,,,,,,26.0,,
41,2020-03-11,126:160,93:114,private_transport,,,,,,,,,,,,,,,,,,,,21.0,,
41,2020-03-11,127:159,103:203,private_transport,,,,,,,,27.0,,,,,,,,,,,,,,
41,2020-03-11,127:159,126:160,bus,,,,,,,,,14.0,13.0,,10.0,,,,,,,,,,
41,2020-03-11,127:159,126:160,private_transport,,,,,,,17.0,,,,,,,,,,,,14.0,,,
41,2020-03-11,127:159,83:108,bus,,,,,,,,,,,,,,,,,,,14.0,,,
41,2020-03-11,127:159,83:108,private_transport,,,,,,,,,,,,,,,,,,,15.0,,,
41,2020-03-11,127:159,97:102,bus,,,,,,,,,39.0,,,12.0,12.0,,,,,,,,,
41,2020-03-11,127:159,97:102,private_transport,,,,,,,,,27.0,,,,,,,,,,,,,
41,2020-03-11,127:159,131:139,private_transport,,,,,,,,,,,,,,,,,,,11.0,,,
41,2020-03-11,127:159,140:146,bus,,,,,,,,16.0,,,,,,,,,,,,,,
41,2020-03-11,127:159,152:134,bus,,,,,,,10.0,,,,,,,30.0,,,,,,,,
41,2020-03-11,127:159,152:134,private_transport,,,,,,,11.0,,,,,,,27.0,,,,,,,,
41,2020-03-11,127:159,87:104,bus,,,,,,26.0,,12.0,,,,18.0,,,,,,,,,,
41,2020-03-11,127:159,87:104,private_transport,,,,,,27.0,,12.0,,,,16.0,,,,,,,,,,
41,2020-03-11,127:159,111:167,bus,,,,,,,,,,,,,,,,,,12.0,,,,
41,2020-03-11,127:159,95:112,bus,,,,,,,,,,,,,,,,,,,16.0,,,
41,2020-03-11,127:159,95:112,private_transport,,,,,,,,,,,,,,,,,,,31.0,,,
41,2020-03-11,127:159,121:165,bus,,,,,,,,,,,,,,11.0,,,,,,,,
41,2020-03-11,127:159,121:165,private_transport,,,,,,,,,,,,10.0,,,,,,,,,,
41,2020-03-11,127:159,154:132,bus,,,,,,,,,,,12.0,,,14.0,,,,,,,,
41,2020-03-11,127:159,154:132,private_transport,,,,,,,,,,,,,,22.0,,,,,,,,
41,2020-03-11,127:159,91:116,bus,,,,,,12.0,,,,,,11.0,,,,,,,,,,
41,2020-03-11,127:159,91:116,private_transport,,,,,,10.0,,,,,,10.0,,,,,,,,,,
41,2020-03-11,127:159,109:169,private_transport,,,,,,,,,,,,11.0,,,,,,,10.0,,,
41,2020-03-11,127:159,153:133,private_transport,,,,,,,,,,,,,11.0,10.0,,,,,,,,
41,2020-03-11,127:159,144:126,bus,,,,,,12.0,,,,,,,,,,,,,,,,
41,2020-03-11,127:159,127:159,bus,,,,,,,10.0,,,,,,,21.0,,,,,11.0,,,
41,2020-03-11,127:159,127:159,private_transport,,,,,,,22.0,,10.0,,,,,17.0,,,,,,,,11.0
41,2020-03-11,127:159,110:168,bus,,,,,,,,,,,,27.0,,,,,,,,,,
41,2020-03-11,127:159,110:168,private_transport,,,,,,,,,,,,15.0,,,,,,,,,,
41,2020-03-11,127:159,113:157,private_transport,,,,,,,,,,,,,,,,,,,14.0,,,
41,2020-03-11,127:159,123:163,bus,,,,,,,,,,,,,,,,,,,,,,11.0
41,2020-03-11,127:159,149:121,bus,,,,,,,,,,,,,,,,,,10.0,,,,
41,2020-03-11,127:159,149:121,private_transport,,,,,,,,,,,,,,,,,,13.0,,,,
41,2020-03-11,127:159,82:418,private_transport,,,,,,,,,,,,,35.0,,,,,,,,,
41,2020-03-11,128:142,103:203,private_transport,,,,,,,10.0,,,,,,,,,,,,,,,
41,2020-03-11,128:142,107:207,bus,,,,,10.0,,,,,,,,,,,,,,,,,
41,2020-03-11,128:142,126:160,bus,,,,,,,15.0,,,,,,,,14.0,,,,,,,
41,2020-03-11,128:142,128:142,bus,,,,,11.0,,,,,,,,,,,,,,,,,
41,2020-03-11,128:142,143:143,bus,,,,,,,10.0,,,,14.0,,,,,,,,,,,
41,2020-03-11,128:142,143:143,private_transport,,11.0,,,,,10.0,,,,,,,,,,,,,,,
41,2020-03-11,128:142,58:303,bus,,,,,,,,,10.0,,,,,,,,,,,,,
41,2020-03-11,128:142,72:411,private_transport,,,,,,,,,,,,,,13.0,,,,,,,,
41,2020-03-11,128:142,76:314,private_transport,,,,,,10.0,,,,,,,,,,,,,,,,
41,2020-03-11,128:142,83:108,bus,,,,,14.0,,10.0,,,,,,,,,,10.0,,,,,
41,2020-03-11,128:142,131:139,private_transport,,,,,,,10.0,,,,,,,,,,,,,,,
41,2020-03-11,128:142,140:146,bus,,,,,,,,,10.0,,,,,,,,,,,,,
41,2020-03-11,128:142,141:145,bus,,,,,,,,,15.0,,,,,,,,,,,,,
41,2020-03-11,128:142,141:145,private_transport,,,,,,,,,10.0,,,,,,,,,,,,,
41,2020-03-11,128:142,90:117,bus,,,,,,21.0,,,,,,,,,,,,,,,,
41,2020-03-11,128:142,154:132,bus,,,,,,,,15.0,,,,,,,,,,,,,,
41,2020-03-11,128:142,109:169,bus,,,,,10.0,,12.0,,,,,,,,,,,,,,,
41,2020-03-11,128:142,109:169,private_transport,,,,,,,,,,,11.0,,,,,,,,,,,
41,2020-03-11,128:142,159:127,bus,,,,,,23.0,,,,,,,,,,,,,,,,
41,2020-03-11,128:142,159:127,private_transport,,,,,,12.0,,,,,,,,,,,,,,,,
41,2020-03-11,128:142,47:320,private_transport,,,,,,,,,18.0,,,,,,,,,,,,,
41,2020-03-11,128:142,61:413,private_transport,,,,,,,,,,,,,,,,,20.0,,,,,
41,2020-03-11,128:142,98:217,bus,,,,,,,13.0,,,,15.0,,10.0,,,,,,,,,
41,2020-03-11,128:142,99:101,bus,,,,,,,,,17.0,,,,,,,,,,,,,
41,2020-03-11,128:142,85:106,bus,,,,,,13.0,,,,,,,,,,,,,,,,
41,2020-03-11,129:141,103:203,private_transport,,,,,,,,,,,,,,,,,13.0,,,,,
41,2020-03-11,129:141,126:160,bus,,,,,,,28.0,,,,,,,,,,,,11.0,,,
41,2020-03-11,129:141,45:319,bus,,,,,,,81.0,,,,11.0,,,,,,,,,,,
41,2020-03-11,129:141,45:319,private_transport,,,,,,17.0,54.0,,,,,,,,,,,,,,,
41,2020-03-11,129:141,76:314,private_transport,,,,,,,11.0,,,,,,,,,,,,,,,
41,2020-03-11,129:141,83:108,bus,,,,,,,,32.0,,,,,,,,,17.0,,,,,
41,2020-03-11,129:141,83:108,private_transport,,,,,,,,17.0,11.0,,,,,,,,,,,,,
41,2020-03-11,129:141,88:103,bus,,,,,,,12.0,,,,,,,,,,,,,,,
41,2020-03-11,129:141,97:102,bus,,,,,,,,,,,,,,,,,,,31.0,,,
41,2020-03-11,129:141,97:102,private_transport,,,,,,,13.0,,,,,,,,,,,,13.0,,,
41,2020-03-11,129:141,101:205,bus,,,,19.0,,,,,,,,,,,,,,,,,,
41,2020-03-11,129:141,101:205,private_transport,,,,14.0,,,,,,,,,,,,,,17.0,,,,
41,2020-03-11,129:141,64:306,private_transport,,,,,,,,,,,,,,,,,,,,,,115.0
41,2020-03-11,129:141,130:140,bus,,,,,,,,,,,,,,,,,14.0,,,,,
41,2020-03-11,129:141,130:140,private_transport,,,,,,,,,,,,,,,,,15.0,,,,11.0,
41,2020-03-11,129:141,152:134,bus,,,,,12.0,,,,,,,,,,,11.0,,,,,,
41,2020-03-11,129:141,90:117,bus,,,,,,,14.0,,,,,,,,,,,,,,,
41,2020-03-11,129:141,121:165,bus,,,,,,,,,,,,,,14.0,,,,,,,,
41,2020-03-11,129:141,153:133,private_transport,,,,,,,,,,,,,,,,10.0,,,,,,
41,2020-03-11,129:141,89:118,bus,,,,15.0,,,,,,,,,,,,,,,,,,
41,2020-03-11,129:141,89:118,private_transport,,,,,,,,,,,,,,,,,,12.0,,,,
41,2020-03-11,129:141,148:122,bus,,,,,,,10.0,,,,,,,,,,,,,,,
41,2020-03-11,129:141,132:138,private_transport,,,,,,,,,,,,,,,,11.0,,,,,,
41,2020-03-11,129:141,50:412,private_transport,,,,,,,,58.0,,,,,,,15.0,,,,,,,
41,2020-03-11,129:141,129:141,bus,,,,47.0,,,,,,20.0,,,,,,,,48.0,,,,
41,2020-03-11,129:141,129:141,private_transport,,,,28.0,,,,,,,,,,,,,14.0,21.0,,,,
41,2020-03-11,129:141,48:301,private_transport,,,,,,,17.0,,,,,,,,,,,,,,,
41,2020-03-11,129:141,77:312,private_transport,,,,,,,13.0,,,,,,,,,,,,,,,
41,2020-03-11,130:140,126:160,bus,,,,,,,40.0,,,,,,,,,,,,11.0,,,
41,2020-03-11,130:140,126:160,private_transport,,,,,,,18.0,,,,,,,,,,,,,,,
41,2020-03-11,130:140,45:319,private_transport,,,,,,22.0,,,,,,,,,,,,,,,,
41,2020-03-11,130:140,83:108,bus,,,,,,,,50.0,20.0,,,,,,,,18.0,,,,,
41,2020-03-11,130:140,83:108,private_transport,,,,,,,,25.0,12.0,,,,,,,,16.0,,,,,
41,2020-03-11,130:140,97:102,bus,,,,,,,14.0,,,,,,,,,,,,33.0,,,
41,2020-03-11,130:140,97:102,private_transport,,,,,,,11.0,,,,,,,,,,,,22.0,,,
41,2020-03-11,130:140,130:140,bus,,,,,,,,,,,,,,,,,20.0,,,,,
41,2020-03-11,130:140,130:140,private_transport,,,,,,,,,,,,,,,,,,,,,10.0,
41,2020-03-11,130:140,131:139,bus,,,,,,,,,,,,,,,,10.0,,,,,,
41,2020-03-11,130:140,152:134,private_transport,,,,,,,,,,,,,,,,10.0,,,,,,
41,2020-03-11,130:140,90:117,private_transport,,,,,,,12.0,,,,,,,,,,,,,,,
41,2020-03-11,130:140,95:112,bus,,,,,,,,,,,,,,,,14.0,,,,,,
41,2020-03-11,130:140,95:112,private_transport,,,,,,,,,,,,,,,,20.0,,,,,,
41,2020-03-11,130:140,154:132,private_transport,,,,,11.0,,,,,,,,,,,,,,,,,
41,2020-03-11,130:140,160:110,bus,,,,,,,11.0,,,,,,,,,,,,,,,
41,2020-03-11,130:140,50:412,private_transport,,,,,,,,56.0,,,,,,,,,,,,,,
41,2020-03-11,130:140,129:141,bus,,,,,,,,19.0,,30.0,,,,,,,19.0,,,,,
41,2020-03-11,130:140,129:141,private_transport,,,,,,,,,,,,,,,,,11.0,,,,16.0,
41,2020-03-11,130:140,48:301,private_transport,,,,,,,28.0,,,,,,,,,,,,,,,
41,2020-03-11,131:139,103:203,bus,,,,,,,,,16.0,,20.0,,,,,,,,,,,
41,2020-03-11,131:139,58:303,private_transport,,,,,,,,,11.0,,,,,,,,,,,,,
41,2020-03-11,131:139,83:108,private_transport,,,,,,,,,,,,13.0,,,,,,,,,,
41,2020-03-11,131:139,130:140,bus,,,,,,,,,,,,16.0,,,,,,,,,,
41,2020-03-11,131:139,130:140,private_transport,,,,,,,,,,,,10.0,,,,,,,,,,
41,2020-03-11,131:139,140:146,private_transport,,,,,,,,,,10.0,,,,,,,,,,,,
41,2020-03-11,131:139,141:145,private_transport,,,,,,,,,,13.0,,,,,,,,,,,,
41,2020-03-11,131:139,116:154,bus,,,,,,,11.0,,,,,,,,,,,,,,,
41,2020-03-11,131:139,139:147,private_transport,,,,,,,,,,12.0,,,,,,,,,,,,
41,2020-03-11,131:139,154:132,bus,,,,,,,,,11.0,,,,,,,,,,,,,
41,2020-03-11,131:139,110:168,bus,,,,,,,,,,,,,10.0,,,,,,,,,
41,2020-03-11,131:139,124:162,bus,,,,,,,,,,,11.0,,,,,,,,,,,
41,2020-03-11,131:139,129:141,bus,,,,,,,,,,,,10.0,,,,,,,,,,
41,2020-03-11,131:139,129:141,private_transport,,,,,,,,,,,,17.0,,,,,,,,,,
41,2020-03-11,132:138,83:108,bus,,,,,,,,,,,,15.0,,,,,,,,,,
41,2020-03-11,132:138,83:108,private_transport,,,,,,,,,,,,18.0,,,,,,,,,,
41,2020-03-11,132:138,118:152,bus,,,,,,,11.0,,,,,,,,,,,,,,,
41,2020-03-11,132:138,95:112,private_transport,,,,,,,11.0,,,,,,,,,,,,,,,
41,2020-03-11,132:138,153:133,bus,,,,,,,,,10.0,,,,,,,,,,,,,
41,2020-03-11,132:138,110:168,bus,,,,,,,,,,,,,18.0,,,,,,,,,
41,2020-03-11,132:138,129:141,bus,,,,,,,,,,,,15.0,,,,,,,,,,
41,2020-03-11,132:138,129:141,private_transport,,,,,,,,,,,,16.0,,,,,,,,,,
41,2020-03-11,133:137,45:319,private_transport,12.0,,,,,,,,,,,,,,,,,,,,,
41,2020-03-11,133:137,118:152,bus,,,,,,,,,,,,,,,,,,,11.0,,,
41,2020-03-11,133:137,116:154,bus,,,,,,,,,,,,,,,,,,,11.0,,,
41,2020-03-11,133:137,110:168,bus,,,,,,,,,,,,,,,,,,,27.0,,,
41,2020-03-11,133:137,110:168,private_transport,,,,,,,,,,,,,,,,,,,13.0,,,
41,2020-03-11,133:137,114:156,bus,,,,,,,,,11.0,,,,,,,,,,,,,
41,2020-03-11,134:136,45:319,private_transport,45.0,,,,,,,,,,,,,,,,,,,,,
41,2020-03-11,134:136,141:145,bus,,,,,,,,,,,,,11.0,,,,,,,,,
41,2020-03-11,134:136,141:145,private_transport,,,,,,,,,,,,,10.0,10.0,,,,,,,,
41,2020-03-11,134:136,152:134,bus,,,,,,,,,,,,,,,,13.0,,12.0,,,,
41,2020-03-11,134:136,87:104,bus,,,,,,,,,,,,,,,,,,12.0,,,,
41,2020-03-11,134:136,87:104,private_transport,,,,,,,,,,,,,,,,,,12.0,,,,
41,2020-03-11,134:136,118:152,bus,,,,,,,,,,,,,,,,,,,10.0,,,
41,2020-03-11,134:136,95:112,bus,,,,,,,,,,,,,,,,,,,11.0,,,
41,2020-03-11,134:136,116:154,bus,,,,,,,,,,,,,,,,,,,16.0,,,
41,2020-03-11,134:136,154:132,bus,,,,,,,,,,,,,,,,12.0,,,,,,
41,2020-03-11,134:136,154:132,private_transport,,,,,,,,,,11.0,,,,,,,,,,,,
41,2020-03-11,134:136,109:169,bus,,,,,,,,,,,,,,,,12.0,,,,,,
41,2020-03-11,134:136,109:169,private_transport,,,,,,,,,,,,,,,,10.0,,,,,,
41,2020-03-11,134:136,153:133,private_transport,,,,,,,,,,10.0,,,,,,,,,,,,
41,2020-03-11,134:136,98:217,bus,,,,,,,,,,,,,,,,11.0,,,,,,
41,2020-03-11,134:136,127:159,bus,,,,,,,,,,,,,,,,10.0,,,,,,
41,2020-03-11,134:136,155:131,bus,,,,,,,10.0,,,,,,,,,,,,,,,
41,2020-03-11,134:136,110:168,bus,,,,,,,11.0,,,,,,,,,,,,,,,
41,2020-03-11,134:136,110:168,private_transport,,,,,,,21.0,,,,,,,,,,,,,,,
41,2020-03-11,134:136,114:156,bus,,,,,,,,,15.0,,,,,,,,,,,,,
41,2020-03-11,134:136,93:114,bus,,,,,,,,,,,,,,,,10.0,,,,,,
41,2020-03-11,134:136,115:155,bus,,,,,,,,,,,,,,,,,,,10.0,,,
41,2020-03-11,135:135,45:319,private_transport,108.0,,,,,,,,,,,,,,,,,,,,,
41,2020-03-11,135:135,152:134,bus,,,,,,,,,,,,,,,,,,26.0,,,,
41,2020-03-11,135:135,152:134,private_transport,,,,,,,,,,,,,,,,,,12.0,,,,
41,2020-03-11,135:135,118:152,bus,,,,,,,,,,,,,,,,,,,22.0,,,
41,2020-03-11,135:135,95:112,bus,,,,,,,,,,,,,,,,,,,16.0,,,
41,2020-03-11,135:135,116:154,bus,,,,,,,,,,,,,,,,,,,27.0,,,
41,2020-03-11,135:135,139:147,bus,,,,,,,,,,,,,,,,,,,19.0,,,
41,2020-03-11,135:135,153:133,bus,,,,,,,,,,,,,,,,,,15.0,,,,
41,2020-03-11,135:135,98:217,private_transport,,,,,,,22.0,,14.0,,,,,,,,,,,,,
41,2020-03-11,135:135,127:159,bus,,,,,,,,,,,,,,,,,,11.0,,,,
41,2020-03-11,135:135,127:159,private_transport,,,,,,,,,,,,,,,,,,14.0,,,,
41,2020-03-11,135:135,110:168,bus,,,,,,,24.0,,19.0,,,,,,,,,,,,,
41,2020-03-11,135:135,110:168,private_transport,,,,,,,38.0,,,,,,,,,,,,,,,
41,2020-03-11,135:135,114:156,bus,,,,,,,,,13.0,,,,,,,,,,,,,
41,2020-03-11,135:135,147:123,bus,,,,,,,,,18.0,,,,,,,,,,,,,
41,2020-03-11,135:135,147:123,private_transport,,,,,,,,,14.0,,,,,,,,,,,,,
41,2020-03-11,136:150,120:166,bus,,,,,,,,,,,,,,,,,16.0,,,,,
41,2020-03-11,137:149,103:203,bus,,,,,,,,13.0,,,,,,,,,,,,,,
41,2020-03-11,137:149,126:160,bus,,,,,,,,,,,,,,10.0,,,,,,,,
41,2020-03-11,137:149,126:160,private_transport,,,,,,,,,,,,,,10.0,,,,,,,,
41,2020-03-11,137:149,151:119,bus,,,,,,,,11.0,,,,,,,,,,,,,,
41,2020-03-11,137:149,97:102,bus,,,,,,,,,,,10.0,,,,,,,,,,,
41,2020-03-11,137:149,97:102,private_transport,,,,,,,,,,,,,,,,,,,,10.0,,
41,2020-03-11,137:149,140:146,private_transport,,,,,,,,,,,,,,,,,11.0,,,,,
41,2020-03-11,137:149,90:117,bus,,,,,,,,,,,,,,10.0,,,,,,,,
41,2020-03-11,137:149,90:117,private_transport,,,,,,,,,10.0,,,,,11.0,,,,,,,,
41,2020-03-11,137:149,121:165,bus,,,,,,,,,,,12.0,,,,,,,,,,,
41,2020-03-11,137:149,121:165,private_transport,,15.0,,,,,,,,,10.0,,,,,,,,,,,
41,2020-03-11,137:149,109:169,bus,,,,,,,,,,,,,,,11.0,,,,,,,
41,2020-03-11,137:149,109:169,private_transport,,,,,,,,,,,,,,,10.0,,,,,,,
41,2020-03-11,137:149,137:149,bus,,,,,,,,59.0,,,,,,,,,,,,30.0,,
41,2020-03-11,137:149,137:149,private_transport,,,,,,,,67.0,,,,,,,,,,,,12.0,,
41,2020-03-11,137:149,159:127,bus,,,,,,,,,,,,,,,15.0,,,,,24.0,,
41,2020-03-11,137:149,159:127,private_transport,,,,,,,,,,,,,,,,,,,,10.0,,
41,2020-03-11,137:149,98:217,bus,,,,,,,,,,,,,,,51.0,,,,,,,
41,2020-03-11,137:149,98:217,private_transport,,,,,,,,,,,,,,,33.0,,,,,,,
41,2020-03-11,137:149,276:144,bus,,,,,,,,,,,,,,,26.0,,,,,,,
41,2020-03-11,137:149,276:144,private_transport,,,,,,,,,,,,,,,32.0,,,,,,,
41,2020-03-11,137:149,110:168,private_transport,,,,,,,,,,,,10.0,,,,,,,,,,
41,2020-03-11,137:149,56:416,private_transport,,,,70.0,,,,,,,,,,,,,,,,,,
41,2020-03-11,137:149,124:162,bus,,,,,,,,,,,,,,,,,,,,23.0,,
41,2020-03-11,137:149,122:164,bus,,,,,,,,,,,,,,,,,,,,11.0,,
41,2020-03-11,138:148,103:203,private_transport,36.0,,,,,,,,,,,,16.0,,,,,,,,,
41,2020-03-11,138:148,126:160,private_transport,,,,,,10.0,,,,,,,,,,,,,,,,
41,2020-03-11,138:148,138:148,bus,,,,,,,,,,,,,30.0,,,,,,,,,
41,2020-03-11,138:148,138:148,private_transport,57.0,,,,,,,,,,,,34.0,,,,,,,,,
41,2020-03-11,138:148,90:117,private_transport,,,,,,10.0,,,,,,,,,,,,,,,,
41,2020-03-11,138:148,111:167,bus,,,,,,,,,,,,15.0,,,,,,,,,,
41,2020-03-11,138:148,98:217,bus,,,,,,,,,,,,,,,11.0,,,,,,,
41,2020-03-11,139:147,100:206,bus,,,,,,,11.0,,,,,,,,,,,,,,,
41,2020-03-11,139:147,126:160,bus,,,,,,12.0,,,,,,,,,,,,,,,,
41,2020-03-11,139:147,126:160,private_transport,,,,,,,,,,,,,,,,,,,11.0,,,
41,2020-03-11,139:147,143:143,bus,,,,,10.0,,,,,,,,,,,,,,,,,
41,2020-03-11,139:147,83:108,bus,,,,,42.0,,,,,,,,,,,,,,,,,
41,2020-03-11,139:147,97:102,bus,,,,,,28.0,19.0,,,,,,,,,,,,,,,
41,2020-03-11,139:147,97:102,private_transport,,,,,,23.0,,,,,,,,,,,,,,,,
41,2020-03-11,139:147,101:205,bus,,,,,,,,,,,10.0,,,,,,,,,,,
41,2020-03-11,139:147,140:146,bus,,,,,,,,,,,,,12.0,,,,,,,,,
41,2020-03-11,139:147,141:145,bus,,,,,,,,,,,,,,12.0,,,,,,,,
41,2020-03-11,139:147,152:134,bus,,,,,,,,,,,,,,,,28.0,,,,,,
41,2020-03-11,139:147,152:134,private_transport,,,,,,,,,,,,,,,,11.0,,,,,,
41,2020-03-11,139:147,118:152,bus,,,,,,,,17.0,,,,,,,,14.0,,,,,,
41,2020-03-11,139:147,95:112,bus,,,,,,,,14.0,,,,,,,,,,,,,,
41,2020-03-11,139:147,95:112,private_transport,,,,,,,,,,,,,,,,10.0,,,,,,
41,2020-03-11,139:147,154:132,bus,,,,,,,,,,,,,,14.0,,,,,,,,
41,2020-03-11,139:147,154:132,private_transport,,,,,,,,,,,,,,,,10.0,,,,,,
41,2020-03-11,139:147,96:111,bus,,,,,,,,,,,17.0,,,,,,,,,,,
41,2020-03-11,139:147,109:169,bus,,,,,15.0,,,,,,,,,,,,,,,,,
41,2020-03-11,139:147,153:133,bus,,,,,,,,,,,,,,15.0,,17.0,,,,,,
41,2020-03-11,139:147,153:133,private_transport,,,,,,,,,,,,,,,,12.0,,,,,,
41,2020-03-11,139:147,160:110,bus,,,,,,,,,,,15.0,,,,,,,,,,,
41,2020-03-11,139:147,110:168,private_transport,,,,,,,10.0,,,,,,,,,,,,,,,
41,2020-03-11,140:146,126:160,bus,,,,,,,10.0,,,,11.0,,,,,,,,18.0,,,
41,2020-03-11,140:146,97:102,bus,,,,,,24.0,25.0,,,,,,,,,,,,,,,
41,2020-03-11,140:146,140:146,bus,,,,,,,,,,,,,14.0,14.0,,,,,,,,
41,2020-03-11,140:146,141:145,bus,,,,,,,,,,,,,18.0,18.0,,,11.0,,,,,
41,2020-03-11,140:146,152:134,bus,,,,,,,,,,20.0,,,21.0,,21.0,52.0,,,,,,
41,2020-03-11,140:146,152:134,private_transport,,,,,,,,,,12.0,,,,,,18.0,,,,,,
41,2020-03-11,140:146,90:117,bus,,,,,,,,,,,,,,,,,,,18.0,,,
41,2020-03-11,140:146,95:112,bus,,,,,,,,13.0,,,,,,,,,,,,,,
41,2020-03-11,140:146,95:112,private_transport,,,,,,,,11.0,,,,,,,,,,,,,,
41,2020-03-11,140:146,108:170,bus,,,,,,,,,,,20.0,,,,,,,,,,,
41,2020-03-11,140:146,139:147,bus,,,,,,,,10.0,,,,,,,,,,,,,,
41,2020-03-11,140:146,154:132,bus,,,,,,,,,,,,,14.0,,,16.0,,,,,,
41,2020-03-11,140:146,154:132,private_transport,,,,,,,,,,12.0,,,,,,19.0,,,,,,
41,2020-03-11,140:146,94:113,bus,,,,,,,,,,,,,10.0,,,10.0,,,,,,
41,2020-03-11,140:146,96:111,bus,,,,,,,,,,,21.0,,,,,,,,,,,
41,2020-03-11,140:146,153:133,bus,,,,,,,,,,,,,16.0,,13.0,24.0,,,,,,
41,2020-03-11,140:146,153:133,private_transport,,,,,,,,,,,,,11.0,,,17.0,,,,,,
41,2020-03-11,140:146,160:110,bus,,,,,,,,,,,13.0,,,,,,,,,,,
41,2020-03-11,140:146,160:110,private_transport,,,,,,,,,,,14.0,,,,,,,,,,,
41,2020-03-11,140:146,127:159,bus,,,,,,,,,,14.0,,,,,,19.0,,,,,,
41,2020-03-11,140:146,127:159,private_transport,,,,,,,,,,,,,,,10.0,,,,,,,
41,2020-03-11,140:146,115:155,bus,,,,,,,,10.0,,,,,,,,,,,,,,
41,2020-03-11,141:145,126:160,bus,,,,,,,14.0,,,,15.0,,,,,,,,39.0,,,
41,2020-03-11,141:145,126:160,private_transport,,,,,,,,,,,,,,,,,,,10.0,,,
41,2020-03-11,141:145,97:102,bus,,,,,,50.0,41.0,,,,,,,,,,,,,,,
41,2020-03-11,141:145,97:102,private_transport,,,,,,17.0,16.0,,,,,,,,,,,,,,,
41,2020-03-11,141:145,135:135,bus,,,,,,,,,,,,,,,,,,,10.0,,,
41,2020-03-11,141:145,140:146,bus,,,,,,,,,,,,,,24.0,,,,,,,,
41,2020-03-11,141:145,140:146,private_transport,,,,,,,,,,,,,,,,,10.0,,,,,
41,2020-03-11,141:145,141:145,bus,,,,,,,,,,,,,16.0,19.0,,,16.0,,,,,
41,2020-03-11,141:145,152:134,bus,,,,,,,,,,15.0,,,15.0,,26.0,62.0,,,,,,
41,2020-03-11,141:145,152:134,private_transport,,,,,,,,,,32.0,,,,,16.0,36.0,,,,,,
41,2020-03-11,141:145,118:152,bus,,,,,,,,18.0,,,,,,,,,,,,,,
41,2020-03-11,141:145,118:152,private_transport,,,,,,,,10.0,,,,,,,,,,,,,,
41,2020-03-11,141:145,95:112,bus,,,,,,,,16.0,,,,,,,,,,,,,,
41,2020-03-11,141:145,108:170,bus,,,,,,,,,,,18.0,,,,,,,,,,,
41,2020-03-11,141:145,139:147,bus,,,,,,,,13.0,,,,,15.0,,,,,,,,,
41,2020-03-11,141:145,139:147,private_transport,,,,,,,,,,,,,,10.0,,,,,,,,
41,2020-03-11,141:145,154:132,bus,,,,,,,,,,,,,,,11.0,30.0,,,,,,
41,2020-03-11,141:145,154:132,private_transport,,,,,,,,,,,,,,,,13.0,,,,,,
41,2020-03-11,141:145,94:113,bus,,,,,,,,,,,,,,,13.0,,,,,,,
41,2020-03-11,141:145,96:111,bus,,,,,,,,,,,34.0,,,,,,,,,,,
41,2020-03-11,141:145,153:133,bus,,,,,,,,,,,,,20.0,,,37.0,,,,,,
41,2020-03-11,141:145,153:133,private_transport,,,,,,,,,,,,,,,,23.0,,,,,,
41,2020-03-11,141:145,160:110,bus,,,,,,,,,,,19.0,,,,,,,,,,,
41,2020-03-11,141:145,160:110,private_transport,,,,,,,,,,,16.0,,,,,,,,,,,
41,2020-03-11,141:145,61:413,bus,,,,,,,,,,,,,19.0,,,,,,,,,
41,2020-03-11,141:145,127:159,bus,,,,,,,11.0,,,12.0,,,10.0,,,25.0,,,,,,
41,2020-03-11,141:145,127:159,private_transport,,,,,,,,,,18.0,,,,,,,,,,,,
41,2020-03-11,143:143,100:206,bus,,,,,17.0,,,,,,,,,,,,,,,,,
41,2020-03-11,143:143,100:206,private_transport,,,,,11.0,,,,,,,,,,,,,,,,,
41,2020-03-11,143:143,103:203,bus,,,,,,,21.0,,,,,,,,,,,,,,,
41,2020-03-11,143:143,107:207,bus,,,,,,,,,,,10.0,,,,,,,,,,,
41,2020-03-11,143:143,107:207,private_transport,,12.0,,,11.0,,,,,,,,,,,,,,,,,
41,2020-03-11,143:143,126:160,bus,,,,,,,21.0,,,,,,,,,,,,,,,
41,2020-03-11,143:143,126:160,private_transport,,,,,,,10.0,,,,,,,,,,,,,,,
41,2020-03-11,143:143,128:142,bus,,,,,,,,,,11.0,,,,,,,,,,,,
41,2020-03-11,143:143,128:142,private_transport,,11.0,,,,,,,,,,,,,,,10.0,,,,,
41,2020-03-11,143:143,143:143,bus,,,,,,,10.0,,,16.0,,,,,,,,,,,,
41,2020-03-11,143:143,143:143,private_transport,,,,,,,,,,,10.0,,,,,,,,,,,
41,2020-03-11,143:143,151:119,private_transport,,,,,,,,,,,,,,10.0,,,,,,,,
41,2020-03-11,143:143,156:130,bus,,,,,,,,,,,,,,,,,10.0,,,,,
41,2020-03-11,143:143,156:130,private_transport,,,,,,,,,,,,,,,,,13.0,,,,,
41,2020-03-11,143:143,58:303,private_transport,,,,,,,,,14.0,,,,,,,,,,,,,
41,2020-03-11,143:143,62:307,private_transport,,,,,,,15.0,,,,,,,,,,,,,,,
41,2020-03-11,143:143,72:411,private_transport,,,,,,,,,,,,,,27.0,,,,,,,,
41,2020-03-11,143:143,76:314,bus,,,,,,18.0,,,,,,,,,,,,,,,,
41,2020-03-11,143:143,76:314,private_transport,,,,,,17.0,,,13.0,,,,,,,,,,,,,
41,2020-03-11,143:143,83:108,bus,,,,,15.0,,,,,,12.0,,,,,,,,,,,
41,2020-03-11,143:143,83:108,private_transport,,13.0,,,11.0,,,,,,,,,,,,,,,,,
41,2020-03-11,143:143,88:103,bus,,,,,,,,,,,,,,,,,,,19.0,,,
41,2020-03-11,143:143,97:102,bus,,,,,,,,,,,,,,,,,,,28.0,,,
41,2020-03-11,143:143,97:102,private_transport,,,,,,,,,,,,,,,,,,,11.0,,,
41,2020-03-11,143:143,131:139,bus,,,,,,,13.0,,,,,,,,,,,,,,,
41,2020-03-11,143:143,90:117,bus,,,,,,13.0,,,,,,,,,,,,,,,,
41,2020-03-11,143:143,154:132,bus,,,,,,,,10.0,,,,,,,,,,,,,,
41,2020-03-11,143:143,154:132,private_transport,,,,,,,,11.0,,,,,,,,,,,,,,
41,2020-03-11,143:143,91:116,bus,,,,,,,,,,,,,,,,,12.0,,,,,
41,2020-03-11,143:143,109:169,bus,,,,,19.0,,,,,,,,,,,,,,,,,
41,2020-03-11,143:143,109:169,private_transport,,,,,,,,,,,11.0,,,,,,,,,,,
41,2020-03-11,143:143,159:127,bus,,,,,,12.0,,,,,,,,,,,,,,,,
41,2020-03-11,143:143,47:320,private_transport,,,,,,,,,12.0,,,,,,,,,,,,,
41,2020-03-11,143:143,61:413,private_transport,,,,,,,,,,,,,,,,,28.0,,,,,
41,2020-03-11,143:143,98:217,bus,,,,,10.0,,,,,,10.0,,,,,,,,,,,
41,2020-03-11,143:143,98:217,private_transport,,,,,10.0,,,,,,,,,,,,10.0,,,,,
41,2020-03-11,144:126,126:160,bus,,,,,,,,,,,,,,11.0,,,,,,,,
41,2020-03-11,144:126,126:160,private_transport,,,,,,,,,,,,,,14.0,,,,,,,,
41,2020-03-11,144:126,151:119,bus,,,,,,,,10.0,,,,,,,,,,,,,,
41,2020-03-11,144:126,101:205,bus,,,,,,,,,,,,,,,,,,,10.0,,,
41,2020-03-11,144:126,141:145,bus,,,,,,,,,,,,,,,,,10.0,,,,,
41,2020-03-11,144:126,90:117,bus,,,,,,,,,12.0,,,,,11.0,,,,,,,,
41,2020-03-11,144:126,90:117,private_transport,,,,,,,,,17.0,,,,,,,,,,,,,
41,2020-03-11,144:126,118:152,bus,,,,,,,,,,,,,15.0,,,,,,,,,
41,2020-03-11,144:126,95:112,bus,,,,,,,,,14.0,,,,,,,,,,,,,
41,2020-03-11,144:126,108:170,private_transport,,,,,,,,,,,,,,,,,,,10.0,,,
41,2020-03-11,144:126,139:147,bus,,,,,,,,,,,,,,,,,11.0,,,,,
41,2020-03-11,144:126,94:113,bus,,,,,,,,,,,,,,,22.0,,,,,,,
41,2020-03-11,144:126,109:169,bus,,,,,,,,,,,,,,,,20.0,,,13.0,,,
41,2020-03-11,144:126,109:169,private_transport,,,,,,,,,,,,,,,12.0,17.0,,,,,,
41,2020-03-11,144:126,159:127,bus,,,,,,,,,,,,,,,20.0,,,,,,,
41,2020-03-11,144:126,160:110,private_transport,,,,,,,,,,,,,,10.0,,,,,,,,
41,2020-03-11,144:126,98:217,bus,,,,,,,,,,,,,,,,18.0,,,,,,
41,2020-03-11,144:126,99:101,bus,,,,,,,,,,,,,,,,,16.0,,,,,
41,2020-03-11,144:126,144:126,bus,,,,,,,,11.0,,,,,,,,,,,,,,
41,2020-03-11,144:126,110:168,bus,,,,,,,,,,,,,,,,,,,37.0,,13.0,
41,2020-03-11,144:126,110:168,private_transport,,,,,,,,,,,,,,,,10.0,,,18.0,,,
41,2020-03-11,144:126,113:157,bus,,,,,,,,11.0,15.0,,,,,,,,,,,,,
41,2020-03-11,144:126,113:157,private_transport,,,,,,,,13.0,,,,,,,,,,,,,,
41,2020-03-11,144:126,123:163,bus,,,,,,,,,,,,,,,24.0,,,,,,,
41,2020-03-11,144:126,93:114,bus,,,,,,,,,,,,,,,21.0,,,,,,,
41,2020-03-11,144:126,93:114,private_transport,,,,,,,,,,,,,,,21.0,,,,,,,
41,2020-03-11,144:126,149:121,bus,,,,,,,,,,,,,,,,,,,13.0,,,
41,2020-03-11,144:126,122:164,private_transport,,,,,,,,,,,,,,,,,,,,15.0,,
41,2020-03-11,145:125,156:130,bus,,,,,,,,,,,,,,,,10.0,,,,,,
41,2020-03-11,145:125,135:135,private_transport,,,,,,,,,,,,,,,,,,,15.0,,,
41,2020-03-11,145:125,134:136,private_transport,,,,,,,,,,,,,,,,,,,11.0,,,
41,2020-03-11,145:125,87:104,bus,,,,,,,,,,,,,,,,,,36.0,,,,
41,2020-03-11,145:125,87:104,private_transport,,,,,,,,,,,,,,,,,,23.0,,,,
41,2020-03-11,145:125,91:116,bus,,,,,,,,,,,,,,,,,,12.0,,,,
41,2020-03-11,145:125,92:115,bus,,,,,,,,,,,,,,,,,,10.0,,,,
41,2020-03-11,145:125,160:110,bus,,,,,,,,,,,11.0,,,,,,,,,,,
41,2020-03-11,145:125,61:413,bus,,,,,,,,,,,,,17.0,,,,,,,,,
41,2020-03-11,145:125,144:126,bus,,,,,,,,,,,,,,,,,,10.0,,,,
41,2020-03-11,147:123,45:319,private_transport,,,,,,,,,,,,,10.0,,,,,,,,,
41,2020-03-11,147:123,111:167,bus,,,,,,,,,,,,13.0,,,,,,,,,,
41,2020-03-11,148:122,126:160,bus,,,,,,,,,,,,,,,48.0,,,,,,,
41,2020-03-11,148:122,156:130,bus,,,,,,,,,,,11.0,,,,,,,,,,,
41,2020-03-11,148:122,45:319,private_transport,,,,,,,,,,,,,,,,,22.0,,,,,
41,2020-03-11,148:122,90:117,bus,,,,,,,,,,,,,,,12.0,,,,,,,
41,2020-03-11,148:122,111:167,bus,,,,,,27.0,,,,,,,,,,,,,,,,
41,2020-03-11,148:122,91:116,private_transport,,,,,,,,,,,10.0,,,,,,,,,,,
41,2020-03-11,148:122,150:120,bus,,,,,,15.0,,,,,,,,,,,,,,,,
41,2020-03-11,148:122,150:120,private_transport,,,,,,10.0,,,,,,,,,,,,,,,,
41,2020-03-11,148:122,160:110,bus,,,,,,,,,,,,,,,15.0,,,,,,,
41,2020-03-11,148:122,148:122,bus,,,,,,57.0,,,,,,,,,,,,,,,,
41,2020-03-11,148:122,148:122,private_transport,,,,,,15.0,,,,,,,,,,,,,,,,
41,2020-03-11,148:122,155:131,bus,,,,,,,,,,,11.0,,,,,,,,,,,
41,2020-03-11,148:122,155:131,private_transport,,,,,,,,,,,10.0,,,,,,,,,,,
41,2020-03-11,148:122,157:129,bus,,,,,,19.0,,,,,,,,,,,,,,,,
41,2020-03-11,149:121,126:160,bus,,,,,,,,,,,,,,,,,,42.0,,,,
41,2020-03-11,149:121,126:160,private_transport,,,,,,,,,,,,,,,,,,15.0,,,,
41,2020-03-11,149:121,156:130,bus,,,,,,,,,,,25.0,,,,,,,,,,,
41,2020-03-11,149:121,156:130,private_transport,,,,,,,,,,,26.0,,,,,,,,,,,
41,2020-03-11,149:121,45:319,private_transport,,,,,,,,,,,,,,,,,81.0,,,,,
41,2020-03-11,149:121,97:102,private_transport,,,,,,,,,,,,,10.0,,,,,,,,,
41,2020-03-11,149:121,87:104,bus,,,,,,,,,,,,,,,,,,,11.0,,,
41,2020-03-11,149:121,87:104,private_transport,,,,,,,,,,,,,,,,,,,11.0,,,
41,2020-03-11,149:121,90:117,bus,,,,,,,,11.0,,,,,,,,,,19.0,,,,
41,2020-03-11,149:121,154:132,bus,,,,,,,,,,,,,,,,,,,,,28.0,
41,2020-03-11,149:121,154:132,private_transport,,,,,,,,,,,,,,,,,,,,,15.0,
41,2020-03-11,149:121,137:149,bus,,,,,,,,,,,10.0,,,,,,,,,,,
41,2020-03-11,149:121,150:120,bus,,,,,,,,,,,,,11.0,,,,,,,,,
41,2020-03-11,149:121,153:133,private_transport,,,,,,,,,,,,,,,,,,,,,10.0,
41,2020-03-11,149:121,144:126,bus,,,,,,,,,,,,,,,,,,,10.0,,,
41,2020-03-11,149:121,155:131,bus,,,,,,,,,,,17.0,,,,,,,,,,,
41,2020-03-11,149:121,155:131,private_transport,,,,,,,,,,,13.0,,,,,,,,,,,
41,2020-03-11,149:121,77:312,private_transport,,,,,,,,,,,,,,,,,10.0,,,,,
41,2020-03-11,150:120,126:160,bus,,,,,,,,,,,,,,,10.0,,,14.0,,,,
41,2020-03-11,150:120,148:122,bus,,,,,,15.0,,,,,,,,,,,,,,,,
41,2020-03-11,150:120,129:141,bus,,,,,,,,,,,,,,,,,,,,,12.0,
41,2020-03-11,151:119,126:160,bus,,,,,,,,,,,,,,,,18.0,,,,,,
41,2020-03-11,151:119,151:119,bus,,,,,,,,,,,,,,,10.0,,,,,,,
41,2020-03-11,151:119,97:102,bus,,,,,,,,,,,,,,,,72.0,,,,,,
41,2020-03-11,151:119,97:102,private_transport,,,,,,,,,,,,,,,,16.0,,,,,,
41,2020-03-11,151:119,152:134,bus,,,,,,,10.0,,,,,,,,,,,,,,,
41,2020-03-11,151:119,87:104,bus,,,,,,,,,,,,,,,,15.0,,,,,,
41,2020-03-11,151:119,108:170,bus,,,,,,,,,,,,,,,15.0,,,,,,,
41,2020-03-11,151:119,108:170,private_transport,,,,,,,,,,,,,,,20.0,,,,,,,
41,2020-03-11,151:119,86:105,bus,,,,,,,,,,,,,,12.0,,,,,,,,
41,2020-03-11,151:119,92:115,bus,,,,,,,,,,,,,,,,13.0,,,,,,
41,2020-03-11,151:119,159:127,bus,,15.0,,,,,,,,,,,,,,,,,,,,
41,2020-03-11,151:119,50:412,private_transport,,,,,,,,,,,,,,,,15.0,,,,,,
41,2020-03-11,152:134,103:203,bus,,,,,,,,12.0,,,,,,,,,,,,,,
41,2020-03-11,152:134,126:160,bus,,,,,,,,,,,,,,10.0,,,,,,,,
41,2020-03-11,152:134,126:160,private_transport,,,,,,,10.0,,,,,,,,,,,,,,,
41,2020-03-11,152:134,83:108,bus,,,,,,,,,,,,,,10.0,,,,,,,,
41,2020-03-11,152:134,97:102,bus,,,,,,,,,13.0,,,,,,,,,,,,,
41,2020-03-11,152:134,135:135,bus,,,,,,,,,,,,,,,25.0,,,,,,,
41,2020-03-11,152:134,135:135,private_transport,,,,,,,,,,,,,,,26.0,,,,,,,
41,2020-03-11,152:134,134:136,private_transport,,,,,,,,10.0,,,,,,,,,,,,,,
41,2020-03-11,152:134,140:146,bus,,,,,,,,17.0,,,,,,,,,,,,,,
41,2020-03-11,152:134,141:145,bus,,,,,,,,27.0,,,,,,,,,,,,,,
41,2020-03-11,152:134,152:134,bus,,,,,,,16.0,,,,12.0,,27.0,55.0,,11.0,,,11.0,,,
41,2020-03-11,152:134,152:134,private_transport,,,,,,,,25.0,,,17.0,,18.0,50.0,,,,,12.0,,,
41,2020-03-11,152:134,87:104,bus,,,,,,,,22.0,,,,,,,,12.0,,,,,,
41,2020-03-11,152:134,87:104,private_transport,,,,,,,,25.0,,,,11.0,,,,,,,,,,
41,2020-03-11,152:134,95:112,private_transport,,,,,,,,,,,,,,,,,,,14.0,,,
41,2020-03-11,152:134,116:154,private_transport,,,,,,,,,,,,,,,12.0,,,,,,,
41,2020-03-11,152:134,139:147,bus,,,,,,,,13.0,,,,,,,,,,,,,,
41,2020-03-11,152:134,121:165,bus,,,,,,,,,,,,,,10.0,,,,,,,,
41,2020-03-11,152:134,154:132,bus,,,,,,,,13.0,,,12.0,,16.0,53.0,,,,,,,,
41,2020-03-11,152:134,154:132,private_transport,,,,,,,,,,,14.0,,,25.0,,,,,15.0,,,
41,2020-03-11,152:134,91:116,private_transport,,,,,,10.0,,18.0,,,,,,,,,,,,,,
41,2020-03-11,152:134,94:113,bus,,,,,,,,,,,,,,13.0,,,,,,,,
41,2020-03-11,152:134,109:169,bus,,,,,,,,,,,,14.0,,,,,,,,,,
41,2020-03-11,152:134,109:169,private_transport,,,,,,,,,,,,12.0,,,,,,,,,,
41,2020-03-11,152:134,153:133,bus,,,,,,,,,,,,,,30.0,,,,,,,,
41,2020-03-11,152:134,153:133,private_transport,,,,,,,10.0,,,,,,10.0,27.0,,,,,14.0,,,
41,2020-03-11,152:134,89:118,bus,,,,,,,,,,,,,,19.0,,,,,,,,
41,2020-03-11,152:134,89:118,private_transport,,,,,,,,,,,,,,16.0,,,,,,,,
41,2020-03-11,152:134,127:159,bus,,,,,,,,,,,10.0,,,26.0,,,,,,,,15.0
41,2020-03-11,152:134,127:159,private_transport,,,,,,,16.0,,,,,,11.0,12.0,,,,,,,,
41,2020-03-11,152:134,148:122,bus,,,,,,,,,,,,,,,,,,11.0,,,,
41,2020-03-11,152:134,110:168,bus,,,,,,,,,,,,47.0,,,,,,12.0,,,,
41,2020-03-11,152:134,110:168,private_transport,,,,,,,,,,,,31.0,,,,,,,,,,
41,2020-03-11,152:134,50:412,private_transport,,,,,,,,,,,,,,,12.0,18.0,,,,,,
41,2020-03-11,152:134,149:121,bus,,,,,,,,,,,,,,,,,,19.0,,,,
41,2020-03-11,152:134,149:121,private_transport,,,,,,,,,,,,11.0,,,,,,,,,,
41,2020-03-11,152:134,82:418,private_transport,,,,,,,,,,,,,68.0,,,,,,,,,
41,2020-03-11,152:134,115:155,private_transport,,,,,,,,,,,,,,,11.0,,,,,,,
41,2020-03-11,152:134,122:164,bus,,,,,,,,,,,,,,,,,,,,,,17.0
41,2020-03-11,153:133,45:319,bus,,,,,,,,,,,25.0,,,,,,,,,,,
41,2020-03-11,153:133,45:319,private_transport,,,,,,20.0,,,,,18.0,,,,,,,,,,,
41,2020-03-11,153:133,76:314,bus,,,,,,,,,,,,,17.0,,,,,,,,,
41,2020-03-11,153:133,76:314,private_transport,,,,,,,,,,,,,25.0,,,,,,,,,
41,2020-03-11,153:133,83:108,bus,,,,,,,,,,,,,,11.0,,,,,,,,
41,2020-03-11,153:133,97:102,bus,,,,,,,12.0,,,,,,,,,,,,,,,
41,2020-03-11,153:133,97:102,private_transport,,,,,,,18.0,,,,,,,,,,,,,,,
41,2020-03-11,153:133,135:135,bus,,,,,,,,,,,,,,,10.0,,,,,,,
41,2020-03-11,153:133,134:136,bus,,,,,,,,,,,,,,,12.0,,,,,,,
41,2020-03-11,153:133,134:136,private_transport,,,,,,,,,,,,,,,13.0,,,,,,,
41,2020-03-11,153:133,140:146,bus,,,,,,,,10.0,,,,,,,,,,,,,,
41,2020-03-11,153:133,141:145,bus,,,,,,,,21.0,,,,,,,,,,,,,,
41,2020-03-11,153:133,152:134,bus,,,,,,,,,,,,,20.0,23.0,,,,,13.0,,,
41,2020-03-11,153:133,152:134,private_transport,,,,,12.0,,,,,,16.0,,,22.0,,,,,,,,
41,2020-03-11,153:133,87:104,bus,,,,,,,,12.0,,,,,,,,,,,,,,
41,2020-03-11,153:133,87:104,private_transport,,,,,,,,20.0,,,,,,,,,,,,,,
41,2020-03-11,153:133,154:132,bus,,,,,,,,,,,,,,30.0,,,,,,,,
41,2020-03-11,153:133,154:132,private_transport,,,,,,,,10.0,,,,,,24.0,,,,,,,,
41,2020-03-11,153:133,86:105,bus,,,,,,,,,,,,,,,12.0,,,,,,,
41,2020-03-11,153:133,86:105,private_transport,,,,,,,,,,,,,,,11.0,,,,,,,
41,2020-03-11,153:133,94:113,bus,,,,,,,,,,,,,10.0,,,,,,,,,
41,2020-03-11,153:133,109:169,private_transport,,,,,,,,,11.0,,,,,,,,,,,,,
41,2020-03-11,153:133,153:133,bus,,,,,,,,,,,,,12.0,10.0,,,,,,,,
41,2020-03-11,153:133,153:133,private_transport,,,,,,,,,,,12.0,,,,,,,,,,,
41,2020-03-11,153:133,144:126,private_transport,,,,,,,,10.0,,,,,,,11.0,,,,,,,
41,2020-03-11,153:133,127:159,bus,,,,,10.0,,,,,,12.0,,10.0,23.0,,,,,,,,
41,2020-03-11,153:133,127:159,private_transport,,,,,,,,,,,,,11.0,11.0,,,,,,,,
41,2020-03-11,153:133,110:168,bus,,,,,,,,,,,,12.0,,,,,,,,,,
41,2020-03-11,153:133,110:168,private_transport,,,,,,,,,,,,10.0,,,,,,,,,,
41,2020-03-11,153:133,149:121,bus,,,,,,,,,,,,,,,,,,10.0,,,,
41,2020-03-11,153:133,82:418,private_transport,,,,,,,,,,,,,34.0,,,,,,,,,
41,2020-03-11,153:133,48:301,private_transport,,,,,,,33.0,,,,,,,,,,,,,,,
41,2020-03-11,154:132,103:203,private_transport,,,,,,,,,,,,,,,,,33.0,,,,,
41,2020-03-11,154:132,151:119,bus,,,,,,,,,,,,,,,12.0,,,,,,,
41,2020-03-11,154:132,151:119,private_transport,,,,,,,,,,,,,,10.0,,,,,,,,
41,2020-03-11,154:132,45:319,bus,,,,,,22.0,,,,,46.0,,,,,,,,,,,
41,2020-03-11,154:132,45:319,private_transport,,,,,,70.0,,,,,44.0,,,,,,,,,,,
41,2020-03-11,154:132,58:303,private_transport,,,,,,,,,,,,,,,,,16.0,,,,,
41,2020-03-11,154:132,76:314,bus,,,,,,,,,,,,,38.0,,,,,,,,,
41,2020-03-11,154:132,76:314,private_transport,,,,,,,,,,,,,46.0,,,,,,,,,
41,2020-03-11,154:132,83:108,bus,,,,,,,,,32.0,,,,,,,,,,,,,
41,2020-03-11,154:132,83:108,private_transport,,,,,,,,,28.0,,,,,,,,,,,,,
41,2020-03-11,154:132,88:103,bus,,,,,,,17.0,,,,,,,,,,,,,,,
41,2020-03-11,154:132,88:103,private_transport,,,,,,,20.0,,,,,,,,,,,,,,,
41,2020-03-11,154:132,97:102,bus,,,,,,,17.0,,,,,,,,,,,,,,,12.0
41,2020-03-11,154:132,97:102,private_transport,,,,,,,21.0,,,,,,,,,,,,,,,
41,2020-03-11,154:132,135:135,private_transport,,,,,,,,,,,,,,,15.0,,,,,,,
41,2020-03-11,154:132,131:139,private_transport,,,,,,,,,,,,,,,,,19.0,,,,,
41,2020-03-11,154:132,134:136,bus,,,,,,,,,,,,,,,11.0,,,,,,,
41,2020-03-11,154:132,141:145,bus,,,,,,,,18.0,,,,,,,,,,,,,,
41,2020-03-11,154:132,141:145,private_transport,,,,,,,,10.0,,,,,,,,,,,,,,
41,2020-03-11,154:132,152:134,bus,,,,,18.0,,12.0,,,,,,,25.0,,31.0,,,,,,
41,2020-03-11,154:132,152:134,private_transport,,,,,16.0,,,17.0,,,,,,21.0,,37.0,,,,,,
41,2020-03-11,154:132,87:104,bus,,,,,,,,,,,,,,,,12.0,,,,,,
41,2020-03-11,154:132,121:165,bus,,,,,,,,,,,,,,53.0,,,,,,,,
41,2020-03-11,154:132,154:132,bus,,,,,,,,,,,,,,38.0,,,,,10.0,,,
41,2020-03-11,154:132,154:132,private_transport,,,,,,,,,,,10.0,,,30.0,,10.0,,,,,,
41,2020-03-11,154:132,84:107,bus,,,,,,,,,,,,,,22.0,,,,,,,,
41,2020-03-11,154:132,86:105,bus,,,,,,,,,,,,,,13.0,,,,,,,,
41,2020-03-11,154:132,94:113,bus,,,,,,,,,,,,,,10.0,,,,,,,,
41,2020-03-11,154:132,94:113,private_transport,,,,,10.0,,,,,,,,,,,,,,,,,
41,2020-03-11,154:132,109:169,bus,,,,,,,,,17.0,,,,,,,,,,,,,
41,2020-03-11,154:132,137:149,bus,,11.0,,,,,,,,,,,,12.0,,,,,,,,
41,2020-03-11,154:132,153:133,bus,,,,,12.0,,,,,,,,,16.0,,14.0,,,,,,
41,2020-03-11,154:132,153:133,private_transport,,,,,,,,10.0,,,,,,,,13.0,,,,,,
41,2020-03-11,154:132,159:127,bus,,52.0,,,,,,,,,,,,,,,,,,,,
41,2020-03-11,154:132,61:413,private_transport,,,,,,,,,,,79.0,,,,,,,,,,,
41,2020-03-11,154:132,89:118,bus,,,,,,,,,,,,,,18.0,,,,,,,,
41,2020-03-11,154:132,144:126,bus,,,,,,,,,,,,,,,18.0,,,,,,,
41,2020-03-11,154:132,144:126,private_transport,,,,,,,,,,,,,,,30.0,,,,,,,
41,2020-03-11,154:132,127:159,bus,,,,,,,,12.0,,,,,10.0,16.0,,16.0,,,,,,
41,2020-03-11,154:132,127:159,private_transport,,,,,,,,,,,11.0,,,,,10.0,,,,,,
41,2020-03-11,154:132,110:168,bus,,,,,,,,,,,,18.0,,,,,,,,,,
41,2020-03-11,154:132,110:168,private_transport,,,,,,,,,,,,18.0,,,,,,,,,,
41,2020-03-11,154:132,50:412,private_transport,,,,,,,,,,,,,,,87.0,88.0,,,,,,
41,2020-03-11,154:132,149:121,bus,,,,,,,,,,,,,,,,,,15.0,,,,
41,2020-03-11,154:132,82:418,private_transport,,,,,,,,,,,,,30.0,,,,,,,,,
41,2020-03-11,154:132,129:141,bus,,,,,,,,,,,,,,10.0,,,,,,,,
41,2020-03-11,154:132,48:301,private_transport,,,,,,,79.0,,,,,,,,,,,,,,,
41,2020-03-11,155:131,156:130,bus,,,,,,,16.0,,,,,,,,,11.0,,,,,,
41,2020-03-11,155:131,156:130,private_transport,,,,,,,,,,,,,,,,14.0,,,,,,
41,2020-03-11,155:131,87:104,bus,,,,,,,,,,,,,,,,,,16.0,,,,
41,2020-03-11,155:131,91:116,bus,,,,,,,10.0,,,,,,,,,,,,,,,
41,2020-03-11,156:130,156:130,bus,,,,,,,52.0,,,,,,,,,31.0,,,,,,
41,2020-03-11,156:130,156:130,private_transport,,,,,,,10.0,,,,,,,,,31.0,,,,,,
41,2020-03-11,156:130,134:136,bus,,,,,,,10.0,,,,,,,,,,,,,,,
41,2020-03-11,156:130,134:136,private_transport,,,,,,,,,,,,,,,,11.0,,,,,,
41,2020-03-11,156:130,155:131,bus,,,,,,,16.0,,,,,,,,,,,,,,,
41,2020-03-11,157:129,126:160,bus,,,,,,,,,,,,,,18.0,,,11.0,,,,,
41,2020-03-11,157:129,126:160,private_transport,,,,,,,,,,,,,,40.0,,,,,,,,
41,2020-03-11,157:129,97:102,bus,,,,,,,17.0,,,,,,,,,,,,,,,
41,2020-03-11,157:129,97:102,private_transport,,,,,,,21.0,,,,,,,10.0,,,,,,,,
41,2020-03-11,157:129,140:146,bus,,,,,,,,,,,,,,22.0,,,,,,,,
41,2020-03-11,157:129,141:145,bus,,,,,,,,,,,,,,21.0,,,,,,,,
41,2020-03-11,157:129,87:104,bus,,,,,,,,,21.0,,,,,,,,,,,,,
41,2020-03-11,157:129,87:104,private_transport,,,,,,,,,15.0,,,,,,,,,,,,,
41,2020-03-11,157:129,90:117,private_transport,,,,,,,,,,,,,,19.0,,,,,,,,
41,2020-03-11,157:129,139:147,private_transport,,,,,,,,,,,,,,10.0,,,,,,,,
41,2020-03-11,157:129,154:132,private_transport,,,,,,,,,,,13.0,,,,,,,,,,,
41,2020-03-11,157:129,91:116,bus,,,,,,,,,13.0,,,,,,,,13.0,,,,,
41,2020-03-11,157:129,91:116,private_transport,,,,,,,,,,,,,,,,,16.0,,,,,
41,2020-03-11,157:129,92:115,bus,,,,,,,,,,,,,,,,,46.0,,,,,
41,2020-03-11,157:129,92:115,private_transport,,,,,,,,,,,,,,,,,13.0,,,,,
41,2020-03-11,157:129,150:120,bus,,,,,,10.0,,,,,,,,,,,,,,,,
41,2020-03-11,157:129,159:127,bus,,,,,,,,,,,,,,21.0,,,,,,,,
41,2020-03-11,157:129,160:110,private_transport,,,,,,,,,,,,,,,,,10.0,,,,,
41,2020-03-11,157:129,144:126,bus,,,,,,,,,,,,,,11.0,,,,,,,,
41,2020-03-11,157:129,144:126,private_transport,,,,,,,,,12.0,,,,,,,,,,,,,
41,2020-03-11,157:129,127:159,bus,,,,,,,,,,,13.0,,,,,,,,,,,
41,2020-03-11,157:129,148:122,bus,,,,,,14.0,,,,,,,,,,,,,,,,
41,2020-03-11,157:129,148:122,private_transport,,,,,,10.0,,,,,,,,,,,,,,,,
41,2020-03-11,158:128,126:160,bus,,,,,,,,,,,,,,,24.0,,,,,,,
41,2020-03-11,158:128,126:160,private_transport,,,,,,,,,,,,,,,16.0,,,,,,,
41,2020-03-11,158:128,152:134,bus,,,,,,,,,,,11.0,,,,,,,,,,,
41,2020-03-11,158:128,90:117,bus,,,,,,,,,,,,,,,29.0,,,,,,,
41,2020-03-11,158:128,90:117,private_transport,,,,,,,,,,,,,,,15.0,,,,,,,
41,2020-03-11,158:128,108:170,bus,,,,,,,,,,,,,,,30.0,,,,,,,
41,2020-03-11,158:128,108:170,private_transport,,,,,,,,,,,,,,,10.0,,,,,,,
41,2020-03-11,158:128,92:115,private_transport,,,,,,,,,,,,,,,,,15.0,,,,,
41,2020-03-11,158:128,96:111,bus,,,,,,,,,,,,,,,46.0,,,,,,,
41,2020-03-11,158:128,96:111,private_transport,,,,,,,,,,,,,,,16.0,,,,,,,
41,2020-03-11,158:128,160:110,bus,,,,,,,,,,,,,,,26.0,,,,,,,
41,2020-03-11,158:128,160:110,private_transport,,,,,,,,,,,,,,,12.0,,,,,,,
41,2020-03-11,158:128,102:204,bus,,,,,,,,,,,,,,,11.0,,,,,,,
41,2020-03-11,159:127,126:160,bus,,,,,,,,,,,,,,35.0,,,,,14.0,,,
41,2020-03-11,159:127,126:160,private_transport,,,,,,,,,,,,,,49.0,,,,,,,,
41,2020-03-11,159:127,151:119,bus,,,,,,,,39.0,,,,,,,,,,,,,,
41,2020-03-11,159:127,151:119,private_transport,,,,,,,,37.0,,,,,,,,,,,,,,
41,2020-03-11,159:127,88:103,bus,,,,,,,,,19.0,,,,,,,,,,,,,
41,2020-03-11,159:127,88:103,private_transport,,,,,,,,,25.0,,,,,,,,,,,,,
41,2020-03-11,159:127,97:102,bus,,,,,,,,,,,,,,10.0,,,,,,,,
41,2020-03-11,159:127,97:102,private_transport,,,,,,,,,,,,,,,,,,,,15.0,,
41,2020-03-11,159:127,101:205,bus,,,,,,,,22.0,,,,,,,,,,,12.0,,,
41,2020-03-11,159:127,101:205,private_transport,,,,,,,,11.0,,,,,,,,,,,,,,
41,2020-03-11,159:127,131:139,bus,,,,,,,,,11.0,,,,,,,,,,,,,
41,2020-03-11,159:127,131:139,private_transport,,,,,,,,14.0,,,,,,,,,,,,,,
41,2020-03-11,159:127,141:145,bus,,,,,,,,,,,,,,,,,15.0,,,,,
41,2020-03-11,159:127,141:145,private_transport,,,,,,,,,,,,,,,,,16.0,,,,,
41,2020-03-11,159:127,90:117,bus,,,,,,,,,31.0,,,,,22.0,,,,,,,,
41,2020-03-11,159:127,90:117,private_transport,,,,,,,,,41.0,,,,,,,,,,,,,
41,2020-03-11,159:127,95:112,bus,,,,,,,,23.0,53.0,,,,,,,,,,,,,
41,2020-03-11,159:127,95:112,private_transport,,,,,,,,45.0,12.0,,,,,,,,,,,,,
41,2020-03-11,159:127,108:170,bus,,,,,,,,,,,,,,,,,,,19.0,,,
41,2020-03-11,159:127,108:170,private_transport,,,,,,,,,,,,,,,,,,,16.0,,,
41,2020-03-11,159:127,94:113,private_transport,,,,,,,,,,,,,,,,,,,,10.0,,
41,2020-03-11,159:127,96:111,bus,,,,,,,,,,,,,,,,,,,28.0,,,
41,2020-03-11,159:127,109:169,bus,,,,,,,,,,,,,,,,11.0,,,,,,
41,2020-03-11,159:127,120:166,bus,,,,,,,,,,,,,,,,,15.0,,,,,
41,2020-03-11,159:127,137:149,bus,,,,,,,,,,,,,,,16.0,,,,,15.0,,
41,2020-03-11,159:127,137:149,private_transport,,,,,,,,,,,,,,,10.0,,,,,,,
41,2020-03-11,159:127,145:125,private_transport,,,,,,,,,,,,,,,,,13.0,,,,,
41,2020-03-11,159:127,159:127,bus,,,,,,,,,,,,,,,72.0,,,,,13.0,,
41,2020-03-11,159:127,159:127,private_transport,,,,,,,,,,,,,,,19.0,,,,,,,
41,2020-03-11,159:127,160:110,bus,,,,,,,,,,,,,,,,,,,27.0,,,
41,2020-03-11,159:127,89:118,bus,,,,,,,,13.0,,,,,,,,,,,,,,
41,2020-03-11,159:127,98:217,bus,,,,,,,,,,,,,,,,,,,,,16.0,
41,2020-03-11,159:127,98:217,private_transport,,,,,,,,,,,,,,,,,,,,,21.0,
41,2020-03-11,159:127,99:101,bus,,,,,,,,,,,,,,,,,25.0,,,,,
41,2020-03-11,159:127,99:101,private_transport,,,,,,,,,,,,,,,,,26.0,,,,,
41,2020-03-11,159:127,144:126,bus,,,,,,,,,,,,,,,20.0,,,,,,,
41,2020-03-11,159:127,127:159,bus,,,,,,,,,,,,,,,,,,,,14.0,,
41,2020-03-11,159:127,127:159,private_transport,,,,,,,,,,,,,,,,,,,,14.0,,
41,2020-03-11,159:127,110:168,bus,,,,,,,,,,,,,,,,,,,,,41.0,
41,2020-03-11,159:127,110:168,private_transport,,,,,,,,,,,,,,,,,,,,,60.0,
41,2020-03-11,159:127,56:416,private_transport,,,,40.0,,,,,,,,,,,,,,,,,,
41,2020-03-11,159:127,113:157,bus,,,,,,,,13.0,36.0,,,,,,,,,,,,,
41,2020-03-11,159:127,113:157,private_transport,,,,,,,,24.0,,,,,,,,,,,,,,
41,2020-03-11,159:127,117:153,bus,,,,,,,,12.0,,,,,,,,,,,,,,
41,2020-03-11,159:127,117:153,private_transport,,,,,,,,12.0,,,,,,,,,,,,,,
41,2020-03-11,159:127,123:163,bus,,,,,,,,,,,,,,,,,,,,10.0,,
41,2020-03-11,159:127,132:138,bus,,,,,,,,,19.0,,,,,,,,,,,,,
41,2020-03-11,159:127,93:114,private_transport,,,,,,,,,,,,,,,,,,,,14.0,,
41,2020-03-11,159:127,122:164,bus,,,,,,,,,,,,,,,,,,,,24.0,,
41,2020-03-11,159:127,122:164,private_transport,,,,,,,,,,,,,,,,,,,,31.0,,
41,2020-03-11,159:127,102:204,private_transport,,,,,,,,,,,,,,,,,10.0,,,,,
41,2020-03-11,159:127,125:161,bus,,,,,,,,,,,,,,,,,,,,10.0,,
41,2020-03-11,160:110,126:160,bus,,,,,,,,,,,19.0,,,,,18.0,,,,,,
41,2020-03-11,160:110,83:108,private_transport,,,,,,,,,,,,,,,,,,,,,11.0,
41,2020-03-11,160:110,97:102,bus,,,,,,,,,,,,,,,17.0,,,,,10.0,,
41,2020-03-11,160:110,158:128,bus,,,,,,,,,,,11.0,,,,,,,,,,,
41,2020-03-11,160:110,64:306,bus,,,,,,,,,,,,,13.0,,,,,,,,,
41,2020-03-11,160:110,64:306,private_transport,,,,,,,,,,,,,10.0,,,,,,,,,
41,2020-03-11,160:110,140:146,bus,,,,,,,,,,,,,,11.0,,,,,,,,
41,2020-03-11,160:110,140:146,private_transport,,,,,,,,,,,,,,11.0,,,,,,,,
41,2020-03-11,160:110,141:145,bus,,,,,,,,,,,,,,14.0,,,,,,,,
41,2020-03-11,160:110,141:145,private_transport,,,,,,,,,,,,,,11.0,,,,,,,,
41,2020-03-11,160:110,90:117,bus,,,,,,,,,,,22.0,,,,,,,,,,,
41,2020-03-11,160:110,116:154,bus,,,,,,,11.0,,,,,,,,,,,,,,,
41,2020-03-11,160:110,121:165,private_transport,,,,,,,,,,,,,,,,,,,23.0,,,
41,2020-03-11,160:110,84:107,bus,,,,,,,,,,,12.0,,,,,,,,11.0,,,
41,2020-03-11,160:110,86:105,private_transport,,,,,,,,,,,,,,,,,,,10.0,,,
41,2020-03-11,160:110,96:111,private_transport,,,,,,,,,12.0,,,,,,,,,,,,,
41,2020-03-11,160:110,160:110,bus,,,,,,,,,12.0,,,,,,,,,,,,,
41,2020-03-11,160:110,160:110,private_transport,,,,,,,,,11.0,,,,,,,,,,,,,
41,2020-03-11,160:110,98:217,bus,,,,,,,12.0,,,,,,,,,,,,,,,
41,2020-03-11,160:110,99:101,private_transport,,,,,,,,,,,,,,,,10.0,,,,,,
41,2020-03-11,160:110,85:106,bus,,,,,,,,,,,22.0,,,,,,,,,,,
41,2020-03-11,160:110,148:122,bus,,,,,,,,,,,,,10.0,,,,,,,,,
41,2020-03-11,160:110,50:412,private_transport,,,,,,,,,,,,,,,,13.0,,,,,,
41,2020-03-11,276:144,126:160,bus,,,,,,,,,,,,34.0,,,,,,,,,,
41,2020-03-11,276:144,126:160,private_transport,,,,,,,,,,,,14.0,,,,,,,,,,
41,2020-03-11,276:144,76:314,bus,,,,,,,29.0,,,,,,,,,,,,,,,
41,2020-03-11,276:144,76:314,private_transport,,,,,,,20.0,,,,,,,,,,,,,,,
41,2020-03-11,276:144,90:117,bus,,,,,,,,,,,,10.0,,,,,,,,,,
41,2020-03-11,276:144,154:132,bus,,,,,,,,10.0,,,,,,,,,,,,,,
41,2020-03-11,276:144,99:101,bus,,,,,,,,,10.0,,,,,,,,,,,,,
41,2020-03-11,45:319,83:108,private_transport,,,,,,,,,,,,13.0,,,,,,,,,,
41,2020-03-11,45:319,88:103,private_transport,,,,,,,,,,,18.0,,,,,,,,,,,
41,2020-03-11,45:319,138:148,bus,,,,,,,,,,,,,,,,12.0,,,,,,
41,2020-03-11,45:319,141:145,private_transport,,,,,,,,,,10.0,,,,,,,,,,,,
41,2020-03-11,45:319,152:134,bus,,,,,,,,,,,,25.0,,,,,,,,,,
41,2020-03-11,45:319,152:134,private_transport,,,,,,,,,,,,37.0,,,,,,,,,,
41,2020-03-11,45:319,87:104,bus,,,,,,,34.0,,,,,,,,,,,,,,,
41,2020-03-11,45:319,87:104,private_transport,115.0,,,,,,24.0,,,,,,,,,,,,,,,
41,2020-03-11,45:319,90:117,private_transport,,,,,,,,,,,97.0,,,,,,,,,,,
41,2020-03-11,45:319,111:167,bus,,,,,,,,,,,,,,,,33.0,,,,,,
41,2020-03-11,45:319,111:167,private_transport,,,,,,,,,,,,,,,,34.0,,,,,,
41,2020-03-11,45:319,154:132,private_transport,,,,,,,,,,,,19.0,,11.0,,,,,,,,
41,2020-03-11,45:319,84:107,private_transport,,,,,,,14.0,,,,,,,,,,,,,,,
41,2020-03-11,45:319,86:105,bus,,,,,,,39.0,,,,,,,,,,,,,,,
41,2020-03-11,45:319,86:105,private_transport,,,,,,,37.0,,,,,,,,,,,,,,,
41,2020-03-11,45:319,92:115,private_transport,70.0,,,,,,,,,,,,,,,,,,,,,
41,2020-03-11,45:319,94:113,bus,,,,,,,,,,,,11.0,,,,,,,,,,
41,2020-03-11,45:319,109:169,bus,,,,,,,,,,,,,,,18.0,,,,,,,
41,2020-03-11,45:319,153:133,bus,,,,,,,,,,,,18.0,,,,,,,,,,
41,2020-03-11,45:319,153:133,private_transport,,,,,,,,,,,,24.0,,,,,,,,,,
41,2020-03-11,45:319,98:217,bus,,,,,,,,,,,,,,,51.0,,,,,,,
41,2020-03-11,45:319,98:217,private_transport,,,,,,,,,,,,,,,46.0,,,,,,,
41,2020-03-11,45:319,276:144,bus,,,,,,,,,,,,,,,34.0,,,,,,,
41,2020-03-11,45:319,276:144,private_transport,,,,,,,,,,,,,,,28.0,,,,,,,
41,2020-03-11,45:319,85:106,private_transport,,,,,,,,,,,48.0,,,,,,,,,,,
41,2020-03-11,45:319,127:159,bus,,,,,,,,,,,,10.0,,,,,,,,,,
41,2020-03-11,45:319,127:159,private_transport,,,,,,,,,,,,23.0,,,,,,,,,,
41,2020-03-11,45:319,104:202,bus,,,,,,,,,,,,,,,,34.0,,,,,,
41,2020-03-11,45:319,104:202,private_transport,,,,,,,,,,,,,,,,31.0,,,,,,
41,2020-03-11,45:319,129:141,bus,,,,,,,,,,,,10.0,,,,,,,,,,
41,2020-03-11,45:319,9:509,bus,,,,,,,,,,,,,111.0,,,,,,,,,
41,2020-03-11,45:319,9:509,private_transport,,,,,,,,,,,,,94.0,,,,,,,,,
41,2020-03-11,46:420,83:108,private_transport,,,,,,,,,,,,,10.0,,,,,,,,,
41,2020-03-11,46:420,152:134,private_transport,,,,,,,,,,,,,67.0,,,,,,,,,
41,2020-03-11,46:420,154:132,private_transport,,,,,,,,,,,,,25.0,,,,,,,,,
41,2020-03-11,46:420,94:113,private_transport,,,,,,,,,,,,,15.0,,,,,,,,,
41,2020-03-11,46:420,153:133,private_transport,,,,,,,,,,,,,33.0,,,,,,,,,
41,2020-03-11,46:420,127:159,private_transport,,,,,,,,,,,,,27.0,,,,,,,,,
41,2020-03-11,47:320,158:128,private_transport,,,,,,,,,,,,20.0,,,,,,,,,,
41,2020-03-11,47:320,84:107,bus,,,,,,,,,,,,16.0,,,,,,,,,,
41,2020-03-11,47:320,84:107,private_transport,,,,,,,,,,,,33.0,,,,,,,,,,
41,2020-03-11,47:320,85:106,bus,,,,,,,,,,,,16.0,,,,,,,,,,
41,2020-03-11,47:320,85:106,private_transport,,,,,,,,,,,,15.0,,,,,,,,,,
41,2020-03-11,51:308,116:154,private_transport,,,,,,,,,,,,10.0,,,,,,,,,,
41,2020-03-11,56:416,121:165,bus,,,,,43.0,,,,,,,,,,,,,,,,,
41,2020-03-11,56:416,121:165,private_transport,,,,,62.0,,,,,,,,,,,,,,,,,
41,2020-03-11,56:416,84:107,bus,,,,,27.0,,,,,,,,,,,,,,,,,
41,2020-03-11,56:416,84:107,private_transport,,,,,15.0,,,,,,,,,,,,,,,,,
41,2020-03-11,56:416,86:105,bus,,,,,19.0,,,,,,,,,,,,,,,,,
41,2020-03-11,56:416,86:105,private_transport,,,,,22.0,,,,,,,,,,,,,,,,,
41,2020-03-11,57:310,118:152,bus,,,,,,,,,,,,,,,,,,11.0,,,,
41,2020-03-11,58:303,103:203,bus,,,,,,,,,21.0,,16.0,,,,,,,,,,,
41,2020-03-11,58:303,58:303,private_transport,,,,,,,,,,,11.0,,,,,,,,,,,
41,2020-03-11,58:303,83:108,private_transport,,,,,,,,,,,,,,10.0,,,,,,,,
41,2020-03-11,58:303,130:140,private_transport,,,,,,,,,,,,,,27.0,,,,,,,,
41,2020-03-11,58:303,131:139,bus,,,,,,,,,15.0,,10.0,,,,,,,,,,,
41,2020-03-11,58:303,141:145,private_transport,,,,,,,,,,12.0,,,,,,,,,,,,
41,2020-03-11,58:303,121:165,bus,,,,,,,,,,,,,,,,,,,38.0,,,
41,2020-03-11,58:303,121:165,private_transport,,,,,,,,,,,,,,,,,,,18.0,,,
41,2020-03-11,58:303,154:132,private_transport,,,,,,,,,,,,,,84.0,,,,,,,,
41,2020-03-11,58:303,92:115,private_transport,11.0,,,,,,,,,,,,,,,,,,,,,
41,2020-03-11,58:303,153:133,private_transport,,,,,,,,,,,,,,34.0,,,,,,,,
41,2020-03-11,58:303,98:217,private_transport,,,,,,,,,,,,,,,10.0,,,,,,,
41,2020-03-11,58:303,157:129,bus,,,,,,,,,,,,,,,,,,,30.0,,,
41,2020-03-11,58:303,129:141,private_transport,,,,,,,,,,,,,,12.0,,,,,,,,
41,2020-03-11,61:413,137:149,bus,,,,,,,,,,,,,69.0,,,,,,,,,
41,2020-03-11,61:413,137:149,private_transport,,,,,,,,,,,,,10.0,,,,,,,,,
41,2020-03-11,61:413,159:127,bus,,,,,,,,,,,,,55.0,,,,,,,,,
41,2020-03-11,61:413,159:127,private_transport,,,,,,,,,,,,,18.0,,,,,,,,,
41,2020-03-11,61:413,124:162,bus,,,,,,,,,,,,,40.0,,,,,,,,,
41,2020-03-11,62:307,76:314,bus,,,,,,,,,,,,60.0,,,,,,,,,,
41,2020-03-11,62:307,76:314,private_transport,,,,,,,,,,,,85.0,,,,,,,,,,
41,2020-03-11,64:306,64:306,bus,,,,,,,114.0,,,,,,,,,,,,,,,
41,2020-03-11,64:306,64:306,private_transport,,,,,,,41.0,,,,,,,,,,,,,,,
41,2020-03-11,64:306,137:149,bus,,,,,,,,,,,,,,18.0,,,,,,,,
41,2020-03-11,64:306,137:149,private_transport,,,,,,,,,,,,,,12.0,,,,,,,,
41,2020-03-11,64:306,159:127,bus,,,,,,,,,,,,,,87.0,,,,,,,,
41,2020-03-11,64:306,159:127,private_transport,,,,,,,,,,,,,,71.0,,,,,,,,
41,2020-03-11,64:306,144:126,bus,,,,,,,,,,,,,,24.0,,,,,,,,
41,2020-03-11,64:306,144:126,private_transport,,,,,,,,,,,,,,11.0,,,,,,,,
41,2020-03-11,68:315,64:306,bus,,,,,,,11.0,,,,,,,,,,,,,,,
41,2020-03-11,68:315,50:412,bus,,,,,,,,,,,,,,98.0,,,,,,,,
41,2020-03-11,68:315,50:412,private_transport,,,,,,,,,,,,,,52.0,,,,,,,,
41,2020-03-11,73:311,151:119,bus,,,,,,,,,,,,,,24.0,,,,,,,,
41,2020-03-11,73:311,151:119,private_transport,,,,,,,,,,,,,,14.0,,,,,,,,
41,2020-03-11,73:311,152:134,bus,,,,,,,,,,,,,,23.0,,,,,,,,
41,2020-03-11,73:311,152:134,private_transport,,,,,,,,,,,,,,13.0,,,,,,,,
41,2020-03-11,73:311,108:170,bus,,,,,,,,,,,,,,51.0,,,,,,,,
41,2020-03-11,73:311,108:170,private_transport,,,,,,,,,,,,,,32.0,,,,,,,,
41,2020-03-11,73:311,154:132,bus,,,,,,,,,,,,,,13.0,,,,,,,,
41,2020-03-11,75:313,118:152,bus,,,,,,,,,,,,14.0,,,,,,,,,,
41,2020-03-11,75:313,118:152,private_transport,,,,,,,,,,,,33.0,,,,,,,,,,
41,2020-03-11,75:313,116:154,private_transport,,,,,,,,,,,,17.0,,,,,,,,,,
41,2020-03-11,75:313,139:147,bus,,,,,,,,,,,,18.0,,,,,,,,,,
41,2020-03-11,75:313,139:147,private_transport,,,,,,,,,,,,14.0,,,,,,,,,,
41,2020-03-11,76:314,103:203,bus,,,,,,,16.0,,,,,,,,,,,,,,,
41,2020-03-11,76:314,103:203,private_transport,,,,,,,,,,,,,,,,,,,15.0,,,
41,2020-03-11,76:314,107:207,bus,,,,,10.0,,,,,,,,,,,,,,,,,
41,2020-03-11,76:314,143:143,bus,,,,,12.0,,,,,,,,,,,,,,,,,
41,2020-03-11,76:314,45:319,bus,,,,,,,101.0,,,,,,,,,,,,,,,
41,2020-03-11,76:314,45:319,private_transport,,,,,,,39.0,,,,,,,,,,,,150.0,,,
41,2020-03-11,76:314,58:303,bus,,,,,,,11.0,,,,,,,,,,,,,,,
41,2020-03-11,76:314,58:303,private_transport,,,,,,,,,14.0,,,,,,,,,,12.0,,,
41,2020-03-11,76:314,62:307,private_transport,,,,,,,10.0,,,,,,,,,,,,,,,
41,2020-03-11,76:314,83:108,bus,,,,,,,,,,,,,,,,39.0,,,,,,
41,2020-03-11,76:314,83:108,private_transport,,,,,,,,,,,,,,,,45.0,,,,,,
41,2020-03-11,76:314,130:140,bus,,,,,,,,,,,,,,,,65.0,,,,,,
41,2020-03-11,76:314,130:140,private_transport,,,,,,,,,,,,,,,,69.0,,,,,,
41,2020-03-11,76:314,90:117,bus,,,,,,,10.0,,,,,,,,,,,,,,,
41,2020-03-11,76:314,85:106,bus,,,,,,,,,,,,19.0,,,,,,,,,,
41,2020-03-11,76:314,85:106,private_transport,,,,,,,,,,,,20.0,,,,,,,,,,
41,2020-03-11,76:314,129:141,bus,,,,,,,,,,,,,,,,51.0,,,,,,
41,2020-03-11,76:314,129:141,private_transport,,,,,,,,,,,,,,,,55.0,,,,,,
41,2020-03-11,76:314,37:537,private_transport,,,,,,,,,,,215.0,,,,,,,,,,,
41,2020-03-11,76:314,71:326,private_transport,,,,,,,,,,,13.0,,,,,,,,,,,
41,2020-03-11,83:108,100:206,private_transport,,,,,,,,,,,,18.0,,,,,,,,,,
41,2020-03-11,83:108,103:203,bus,,,,,,,10.0,,,,,,,,,,,,,,,
41,2020-03-11,83:108,103:203,private_transport,,,,,,,12.0,,,,,,,,,,12.0,,,,,
41,2020-03-11,83:108,107:207,bus,,,,,,,,,,11.0,,,,,,,,,,,,
41,2020-03-11,83:108,107:207,private_transport,,,,,,,,,,,,10.0,,,,,,,,,,
41,2020-03-11,83:108,126:160,bus,,,,,,,39.0,,,,,,,,27.0,,,,,,,
41,2020-03-11,83:108,126:160,private_transport,,,,,,,17.0,,,,,,,,,,,,13.0,,,
41,2020-03-11,83:108,128:142,bus,,,,,,,,,,,12.0,,,,,,,,,,,
41,2020-03-11,83:108,128:142,private_transport,,,,,,,,,,,12.0,,12.0,,,,,,,,,
41,2020-03-11,83:108,143:143,bus,,,,,16.0,,,,,,,14.0,,,,,,,,,,
41,2020-03-11,83:108,143:143,private_transport,,,,,10.0,,,,,,,14.0,,,,,,,,,,
41,2020-03-11,83:108,151:119,bus,,,,,,,,11.0,,,,,,,,,,,,,,
41,2020-03-11,83:108,45:319,bus,,,,,,,,,,,13.0,,,,,,,,,,,
41,2020-03-11,83:108,45:319,private_transport,,,,,,15.0,,,,,,,,,,,,,,,,
41,2020-03-11,83:108,58:303,private_transport,,,,,,,11.0,,,,,,,,,,,,,,,
41,2020-03-11,83:108,62:307,private_transport,,,,,,,15.0,,,,,,,,,,,,,,,
41,2020-03-11,83:108,76:314,bus,,,,,,,24.0,,,,,,,,,,,,,,,
41,2020-03-11,83:108,76:314,private_transport,,,,,,14.0,124.0,,21.0,,,,,,,,,,,,,
41,2020-03-11,83:108,83:108,bus,,,,,21.0,,14.0,35.0,,,23.0,,,170.0,,,11.0,,82.0,,,
41,2020-03-11,83:108,83:108,private_transport,,,,,,,,18.0,,,17.0,11.0,15.0,58.0,,,12.0,,32.0,,,
41,2020-03-11,83:108,88:103,bus,,,,,,,,,,,,,,,,,28.0,,,,,
41,2020-03-11,83:108,88:103,private_transport,,,,,,,,,,,,,,,,,20.0,,,,,
41,2020-03-11,83:108,97:102,bus,,,,,,,12.0,,,,,,,,,,52.0,,39.0,,,
41,2020-03-11,83:108,97:102,private_transport,,,,,,,,,,,,,,,,,31.0,,22.0,,,
41,2020-03-11,83:108,101:205,private_transport,,,,,,,,,,,,,,10.0,,,,,,,,
41,2020-03-11,83:108,130:140,bus,,,,,,,,17.0,,,27.0,,,60.0,,,,,,,,
41,2020-03-11,83:108,130:140,private_transport,,,,,,,,,,,34.0,,,,,,14.0,,,,14.0,
41,2020-03-11,83:108,131:139,private_transport,,,,,,,11.0,,,,,,,,,,11.0,,,,,
41,2020-03-11,83:108,140:146,bus,,,,,,,,,15.0,,,,,,,,,,,,,
41,2020-03-11,83:108,140:146,private_transport,,,,,,,,,11.0,,,,,,,,,,,,,
41,2020-03-11,83:108,87:104,bus,,,,,,23.0,,,,,,,,,,,,,,,,
41,2020-03-11,83:108,87:104,private_transport,,,,,,37.0,,,,,,,,,,,,,,,,
41,2020-03-11,83:108,90:117,bus,,,,,,11.0,,,,,,,,,,,,,,,,
41,2020-03-11,83:108,90:117,private_transport,,,,,,,,,,,,,,,11.0,,,,,,,
41,2020-03-11,83:108,111:167,bus,,,,,,,28.0,,,,,,,,,,,,,,,
41,2020-03-11,83:108,111:167,private_transport,,,,,,,11.0,,,,,,,,,,,,,,,
41,2020-03-11,83:108,95:112,private_transport,,,,,,,,,,,,,,,,18.0,,,,,,
41,2020-03-11,83:108,154:132,bus,,,,,,,,26.0,,,,,,,,,,,,,,
41,2020-03-11,83:108,84:107,bus,,,,,,11.0,,,,,,,,,,,,,,,,
41,2020-03-11,83:108,86:105,bus,,,,,,30.0,,,,,,,,,,,,,,,,
41,2020-03-11,83:108,86:105,private_transport,,,,,,58.0,,,,,,,,,,,,,,,,
41,2020-03-11,83:108,91:116,private_transport,,,,,,,,,,,,,,,,,10.0,,,,,
41,2020-03-11,83:108,109:169,bus,,,,,,,,,10.0,,,,,,,,,,,,,
41,2020-03-11,83:108,109:169,private_transport,,,,,,,,,,,,,10.0,,,,,,,,,
41,2020-03-11,83:108,120:166,bus,,,,,,,,,10.0,,,,,,,,,,,,,
41,2020-03-11,83:108,137:149,bus,,,,,,10.0,,,,,,,,,,,,,,,,
41,2020-03-11,83:108,145:125,bus,,,,,,,,,14.0,,,,,,,,,,,,,
41,2020-03-11,83:108,150:120,bus,,,,,,,12.0,,,,,,,,,,,,,,,
41,2020-03-11,83:108,159:127,bus,,,,,,30.0,,,,,,,,,,,,,,,,
41,2020-03-11,83:108,160:110,bus,,,,,,,13.0,,,,,,,,,,,,,,,
41,2020-03-11,83:108,47:320,private_transport,,,,,,,,,19.0,,,,,,,,,,,,,
41,2020-03-11,83:108,61:413,private_transport,,,,,,,,,,,,,,,,,48.0,,,,,
41,2020-03-11,83:108,98:217,bus,,,,,12.0,,,,,,12.0,,,,,,15.0,,,,,
41,2020-03-11,83:108,98:217,private_transport,,,,,,,11.0,,,,,11.0,11.0,,,,,,,,,
41,2020-03-11,83:108,99:101,bus,,,,,,,,,22.0,,,,,,,,,,,,,
41,2020-03-11,83:108,99:101,private_transport,,,,,,,,,12.0,,,,,,,,,,,,,
41,2020-03-11,83:108,144:126,bus,,,,,,16.0,,,,,,,,,,,,,,,,
41,2020-03-11,83:108,276:144,bus,,,,,,,,,,,10.0,,,,,,,,,,,
41,2020-03-11,83:108,85:106,bus,,,,,,30.0,,,,,,,,,,,,,,,,
41,2020-03-11,83:108,85:106,private_transport,,,,,,15.0,,,,,,,,,,,,,,,,
41,2020-03-11,83:108,148:122,bus,,,,,,,70.0,,,,,,,,,,,,,,,
41,2020-03-11,83:108,148:122,private_transport,,,,,,,32.0,,,,,,,,,,,,,,,
41,2020-03-11,83:108,157:129,bus,,,,,,,16.0,,,,,,,,,,,,,,,
41,2020-03-11,83:108,110:168,bus,,,,,,,,,,,,10.0,,,,,,,,,,
41,2020-03-11,83:108,117:153,bus,,,,,,,,,,,,,,,,10.0,,,,,,
41,2020-03-11,83:108,50:412,private_transport,,,,,,,,49.0,,,,,,,,,,,,,,
41,2020-03-11,83:108,129:141,bus,,,,,,,,16.0,,13.0,16.0,,,51.0,,,,,,,,
41,2020-03-11,83:108,129:141,private_transport,,,,,,,,,,11.0,18.0,,,,,,10.0,,,,,
41,2020-03-11,84:107,126:160,bus,,,,,,,,,,,,,,10.0,,,,,,,,
41,2020-03-11,84:107,156:130,bus,,,,,,,13.0,,,,,,,,,,,,,,,
41,2020-03-11,84:107,88:103,private_transport,,,,,,,,,,,11.0,,,,,,,,,,,
41,2020-03-11,84:107,140:146,bus,,,,,,,,,,,,,,,,,13.0,,,,,
41,2020-03-11,84:107,140:146,private_transport,,,,,,,,,,,,,,,,,15.0,,,,,
41,2020-03-11,84:107,141:145,bus,,,,,,,,,,,,,,,,,14.0,,,,,
41,2020-03-11,84:107,141:145,private_transport,,,,,,,,,,,,,,10.0,,,15.0,,,,,
41,2020-03-11,84:107,87:104,bus,,,,,,,,,10.0,,,,,,,,,,,,,
41,2020-03-11,84:107,121:165,bus,,,,,,,,,,,16.0,,,,,,,,,,,
41,2020-03-11,84:107,121:165,private_transport,,22.0,,,,,,,,,,,,,,,,,,,,
41,2020-03-11,84:107,84:107,private_transport,,10.0,,,,,,,,,,,,,,,,,,,,
41,2020-03-11,84:107,86:105,private_transport,,17.0,,,,,,,,,,,,,,,,,,,,
41,2020-03-11,84:107,91:116,bus,,,,,,,,,10.0,,,,,,,,,,,,,
41,2020-03-11,84:107,160:110,bus,,,,,,,19.0,,,,,,,,,,,,,,,
41,2020-03-11,84:107,104:202,bus,,,,,,,,,,,,13.0,,,,,,,,,,
41,2020-03-11,85:106,107:207,private_transport,,,,,,,,,,,,,,,,,,,12.0,,,
41,2020-03-11,85:106,126:160,bus,,,,,,,,,,,19.0,,,,25.0,,,,,,,
41,2020-03-11,85:106,126:160,private_transport,,,,,,,,,,,,,,,26.0,,,,,,,
41,2020-03-11,85:106,87:104,bus,,,,,,,,,,,19.0,,,,,,,,,,,
41,2020-03-11,85:106,87:104,private_transport,,,,,,,,,,,21.0,,,,,,,,,,,
41,2020-03-11,85:106,90:117,bus,,,,,,,,,,,,,,,38.0,,,,,,,
41,2020-03-11,85:106,90:117,private_transport,,,,,,,,,,,,,,,36.0,,,,,,,
41,2020-03-11,85:106,111:167,private_transport,,,,,,,,,,,,,,,,,11.0,,,,,
41,2020-03-11,85:106,91:116,bus,,,,,,,,,,,13.0,,,,,,,,,,,
41,2020-03-11,85:106,91:116,private_transport,,,,,,,,,,,11.0,,,,,,,,,,,
41,2020-03-11,85:106,92:115,bus,,,,,,,,,,,13.0,,,,,,,,,,,
41,2020-03-11,85:106,160:110,bus,,,,,,,,,,,,,,,11.0,,,,,,,
41,2020-03-11,85:106,160:110,private_transport,,,,,,,,,,,,,,,11.0,,,,,,,
41,2020-03-11,85:106,157:129,bus,,,,,,,,,,,,,,,,,28.0,,,,,
41,2020-03-11,85:106,114:156,bus,,,,,,,,,,,,,,,,,,,10.0,,,
41,2020-03-11,85:106,147:123,private_transport,,,,,,,,,,,,,,,,,,,11.0,,,
41,2020-03-11,86:105,126:160,bus,,,,,,,,,,,48.0,,,,,,,,,,,
41,2020-03-11,86:105,126:160,private_transport,,,,,,,,,,,10.0,,,,,,,,,,,
41,2020-03-11,86:105,156:130,bus,,,,,,,10.0,,,,,,,,,,,,,,,
41,2020-03-11,86:105,158:128,bus,,,,,,,,,,,23.0,,,,,,,,,,,
41,2020-03-11,86:105,158:128,private_transport,,,,,,,,,,,12.0,,,,,,,,,,,
41,2020-03-11,86:105,140:146,private_transport,,,,,,,,,,,,,,,,,16.0,,,,,
41,2020-03-11,86:105,141:145,private_transport,,,,,,,,,,,,,,,,,12.0,,,,,
41,2020-03-11,86:105,90:117,bus,,,,,,,,,,,11.0,,,,,,,,,,,
41,2020-03-11,86:105,121:165,bus,,,,,,,,,,,10.0,,,,,,,,,,,
41,2020-03-11,86:105,121:165,private_transport,,20.0,,,,,,,,,,,,,,,,,,,,
41,2020-03-11,86:105,84:107,bus,,,,,,,,,,,16.0,,,,,,,,,,,
41,2020-03-11,86:105,86:105,bus,,,,,,,,,,,14.0,,,,,,,,,,,
41,2020-03-11,86:105,86:105,private_transport,,12.0,,,,,,,,,,,,,,,,,,,,
41,2020-03-11,86:105,94:113,bus,,,,,,,,,,,,,,,12.0,,,,,,,
41,2020-03-11,86:105,94:113,private_transport,,,,,,,,,,,,,,,15.0,,,,,,,
41,2020-03-11,86:105,160:110,bus,,,,,,,15.0,,,,,,,,,,,,,,,
41,2020-03-11,86:105,110:168,bus,,,,,,,,,,,,19.0,,,,,,,,,,
41,2020-03-11,86:105,110:168,private_transport,,,,,,,,,,,,12.0,,,,,,,,,,
41,2020-03-11,86:105,123:163,bus,,,,,,,,,,,,,,,16.0,,,,,,,
41,2020-03-11,86:105,123:163,private_transport,,,,,,,,,,,,,,,15.0,,,,,,,
41,2020-03-11,87:104,126:160,bus,,,,,,,,,11.0,,34.0,,,,,,,,,,,
41,2020-03-11,87:104,128:142,bus,,,,,,,18.0,,,,,,,,,,,,,,,
41,2020-03-11,87:104,143:143,bus,,,,,,,12.0,,,,,,,,,,,,,,,
41,2020-03-11,87:104,151:119,private_transport,,,,,,,,,,,,,,,,,,,11.0,,,
41,2020-03-11,87:104,83:108,bus,,,,,,,23.0,,,,,,,,,,,,,,,
41,2020-03-11,87:104,140:146,bus,,,,,,,,,,,,,,,,,26.0,,,,,
41,2020-03-11,87:104,141:145,bus,,,,,,,,,,,,,,,,,36.0,,,,,
41,2020-03-11,87:104,141:145,private_transport,,,,,,,,,,,,,,,,,16.0,,,,,
41,2020-03-11,87:104,87:104,bus,,,,,,,,46.0,,,,,,,,,,,,,,
41,2020-03-11,87:104,118:152,bus,,,,,,,,,,,,,29.0,,,,,,,,,
41,2020-03-11,87:104,118:152,private_transport,,,,,,,,,,,,,11.0,,,,,,,,,
41,2020-03-11,87:104,95:112,bus,,,,,,,,,,,,,17.0,,,,,,,,,
41,2020-03-11,87:104,95:112,private_transport,,,,,,,,,,,,,17.0,,,,,,,,,
41,2020-03-11,87:104,116:154,bus,,,,,,,,,,,,,29.0,,,,,,,,,
41,2020-03-11,87:104,116:154,private_transport,,,,,,,,,,,,,17.0,,,,,,,,,
41,2020-03-11,87:104,139:147,bus,,,,,,,,,,,,,11.0,,,,,,,,,
41,2020-03-11,87:104,139:147,private_transport,,,,,,,,,,,,,14.0,,,,12.0,,,,,
41,2020-03-11,87:104,121:165,bus,,,,,,,,,,,,,,,28.0,,,,,,,
41,2020-03-11,87:104,121:165,private_transport,,,,,,,,,,,,,,,12.0,,,,,,,
41,2020-03-11,87:104,84:107,bus,,,,,,,,,,,,,,,18.0,,,,,,,
41,2020-03-11,87:104,84:107,private_transport,,,,,,,,,,,,,,,12.0,,,,,,,
41,2020-03-11,87:104,86:105,bus,,,,,,,,12.0,,,,,,,11.0,,,,,,,
41,2020-03-11,87:104,91:116,bus,,,,,,,,18.0,,,,,,,,,,,,,,
41,2020-03-11,87:104,92:115,bus,,,,,,,,12.0,,,,,,,,,,,,,,
41,2020-03-11,87:104,94:113,bus,,,,,,,,,,,,,,,10.0,,,,,,,
41,2020-03-11,87:104,94:113,private_transport,,,,,,,,,,,,,,,11.0,,,,,,,
41,2020-03-11,87:104,109:169,private_transport,,,,,,,15.0,,,,,,,,,,,,,,,
41,2020-03-11,87:104,137:149,private_transport,,,,,,,,,,,,,,,10.0,,,,,,,
41,2020-03-11,87:104,145:125,bus,,,,,,,,,,,,,,,,,10.0,,,,,
41,2020-03-11,87:104,98:217,bus,,,,,,,14.0,,,,,,,,,,,,,,,
41,2020-03-11,87:104,98:217,private_transport,,,,,,,15.0,,,,,,,,,,,,,,,
41,2020-03-11,87:104,144:126,bus,,,,,,,,17.0,,,,,,,,,,,,,,
41,2020-03-11,87:104,123:163,bus,,,,,,,,,,,,,,,11.0,,,,,,,
41,2020-03-11,87:104,93:114,bus,,,,,,,,,,,,,,,13.0,,,,,,,
41,2020-03-11,87:104,146:124,bus,,,,,,,,,,,,,,,,,,,24.0,,,
41,2020-03-11,87:104,146:124,private_transport,,,,,,,,,,,,,,,,,,,33.0,,,
41,2020-03-11,88:103,126:160,bus,,,,,,,,,,16.0,,,,,43.0,,,,,,,
41,2020-03-11,88:103,126:160,private_transport,,,,,,,,,,10.0,,,,,32.0,,,,,,,
41,2020-03-11,88:103,88:103,bus,,,,,,,,,11.0,,,,,,,,,,,,,
41,2020-03-11,88:103,134:136,private_transport,,,,,,,,,,,,,,,,10.0,,,,,,
41,2020-03-11,88:103,87:104,private_transport,,,,,,,,,,,10.0,,,,,,,,,,,
41,2020-03-11,88:103,90:117,bus,,,,,,,,,,,,,,,45.0,,,,,,,
41,2020-03-11,88:103,90:117,private_transport,,,,,,,,,29.0,,,,,,23.0,,,,,,,
41,2020-03-11,88:103,108:170,bus,,,,,,,,,,,,,,,13.0,,,,,,,
41,2020-03-11,88:103,154:132,bus,,,,,,,,,,,,,,,23.0,,,,,,,
41,2020-03-11,88:103,154:132,private_transport,,,,,,,,,,,,,,,12.0,,,,,,,
41,2020-03-11,88:103,92:115,private_transport,,,,,,,,,,,,,,,14.0,,,,,,,
41,2020-03-11,88:103,145:125,bus,,,,,,,,,,,,,,,,34.0,,,,,,
41,2020-03-11,88:103,145:125,private_transport,,,,,,,,,,,,,,,,16.0,,,,,,
41,2020-03-11,88:103,153:133,bus,,,,,,,,,,,,,,,12.0,,,,,,,
41,2020-03-11,88:103,153:133,private_transport,,,,,,,,,,,,,,,11.0,,,,,,,
41,2020-03-11,88:103,160:110,bus,,,,,,,,,,,,,,,18.0,,,,,,,
41,2020-03-11,88:103,85:106,private_transport,,,,,,,,,11.0,,,,,,,,,,,,,
41,2020-03-11,88:103,127:159,bus,,,,,,,,,,21.0,,,,,,,,,,,,
41,2020-03-11,88:103,155:131,bus,,,,,,,,,,,,,,,,18.0,,,,,,
41,2020-03-11,88:103,155:131,private_transport,,,,,,,,,,,,,,,,10.0,,,,,,
41,2020-03-11,89:118,45:319,bus,,,,,,,14.0,,,,,,,,,,,,,,,
41,2020-03-11,89:118,97:102,bus,,,,,,,,,,,,,,,,19.0,,,,,,
41,2020-03-11,89:118,64:306,private_transport,,,,,,,,,,,,,,,,,,,,,,20.0
41,2020-03-11,89:118,152:134,bus,,,,,,,,,,,,,,,,14.0,,,,,,
41,2020-03-11,89:118,121:165,bus,,,,,,,,,,,,,,19.0,,,,,,,,
41,2020-03-11,89:118,154:132,bus,,,,,,,,,,,,,,13.0,,,,,,,,
41,2020-03-11,89:118,154:132,private_transport,,,,,,,,,,,,,,12.0,,,,,,,,
41,2020-03-11,89:118,84:107,bus,,,,,,,,,,,,,,15.0,,,,,,,,
41,2020-03-11,89:118,84:107,private_transport,,,,,,,,,,,,,,10.0,,,,,,,,
41,2020-03-11,89:118,159:127,bus,,45.0,,,,,,,,,,,,,,,,,,,,
41,2020-03-11,89:118,61:413,private_transport,,,,,,,,,,,51.0,,,,,,,,,,,
41,2020-03-11,89:118,89:118,bus,,,,,,,,,,,,,,20.0,,,,,,,,
41,2020-03-11,89:118,144:126,bus,,17.0,,,,,,,,,,,,,,,,,,,,
41,2020-03-11,89:118,127:159,bus,,,,,,,,,,,,,,,,12.0,,,,,,
41,2020-03-11,89:118,50:412,private_transport,,,,,,,,,,,,,,,54.0,59.0,,,,,,
41,2020-03-11,89:118,129:141,bus,,,,11.0,,,,,,,,,,,,,,,,,,
41,2020-03-11,89:118,129:141,private_transport,,,,,,,,,,,,,,,,,,10.0,,,,
41,2020-03-11,90:117,126:160,bus,,,,,,,29.0,,70.0,,88.0,,,,13.0,43.0,,,,17.0,,
41,2020-03-11,90:117,126:160,private_transport,,,24.0,,,,,,16.0,,63.0,,,,,19.0,,,,,,
41,2020-03-11,90:117,83:108,bus,,,,,,,,,,,,,,,,,,,,,28.0,
41,2020-03-11,90:117,83:108,private_transport,,,,,,,,,,,,,,,10.0,,,,,,15.0,
41,2020-03-11,90:117,88:103,bus,,,,,,,,,12.0,,,,,,,,,,,,,
41,2020-03-11,90:117,88:103,private_transport,,,,,,,,11.0,20.0,,,,,,,,,,,,,
41,2020-03-11,90:117,97:102,bus,,,,,,,,,,,,,,,13.0,,,,,22.0,,
41,2020-03-11,90:117,97:102,private_transport,,,,,,,,,13.0,,,,,,,,,,,,,
41,2020-03-11,90:117,158:128,bus,,,,,,,,,,,,,,,,,21.0,,,,,
41,2020-03-11,90:117,158:128,private_transport,,,,,,,,,,,,,,,,,14.0,,,,,
41,2020-03-11,90:117,64:306,bus,,,,,,,,,,,,,32.0,,,,,,,,,
41,2020-03-11,90:117,64:306,private_transport,,,,,,,,,,,,,20.0,,,,,,,,,
41,2020-03-11,90:117,130:140,bus,,,,,,,,,,,,,,,16.0,,,,,,,
41,2020-03-11,90:117,87:104,bus,,,,,,,,,,22.0,54.0,,,,,16.0,,,,,,
41,2020-03-11,90:117,87:104,private_transport,,,,,,,,,,,28.0,,,,,,,,,,,
41,2020-03-11,90:117,90:117,bus,,,,,,,12.0,,51.0,,143.0,,,,,,,,,,,
41,2020-03-11,90:117,90:117,private_transport,,,17.0,,,,,,49.0,,51.0,,,,,,,,,,,
41,2020-03-11,90:117,111:167,bus,,,,,,,,,,,,,,,,14.0,16.0,,,,,
41,2020-03-11,90:117,118:152,bus,,,,,,,12.0,,,,,,,,,,,,,,,
41,2020-03-11,90:117,95:112,bus,,,,,,,,,,,,,,,,,,,,15.0,,
41,2020-03-11,90:117,95:112,private_transport,,,,,,,,,,,,,,,,,,,,12.0,,
41,2020-03-11,90:117,139:147,bus,,,,,,,14.0,,,,,,,,,,,,,,,
41,2020-03-11,90:117,154:132,bus,,,,,,,,,,,,,,,30.0,,,,,,,
41,2020-03-11,90:117,154:132,private_transport,,,,,,,,,,,,,,,21.0,,,,,,,
41,2020-03-11,90:117,91:116,bus,,,,,,,,,,15.0,14.0,,,,,14.0,,,,,,
41,2020-03-11,90:117,91:116,private_transport,,,,,,,,,,,17.0,,,,,11.0,,,,,,
41,2020-03-11,90:117,92:115,bus,,,,,,,,,,,20.0,,,,,,,,,,,
41,2020-03-11,90:117,94:113,bus,,,,,,,,,,,,,,,,,,,,13.0,,
41,2020-03-11,90:117,109:169,private_transport,,,,,,,,,,,,,,,,,,,,,11.0,
41,2020-03-11,90:117,145:125,private_transport,,,,,,,,,,,,,,,,12.0,,,,,,
41,2020-03-11,90:117,150:120,bus,,,,,,,,,,,,,,,,14.0,,,,,,
41,2020-03-11,90:117,153:133,bus,,,,,,,,,,,,,,,14.0,,,,,,,
41,2020-03-11,90:117,98:217,private_transport,,,,,,,,,,,,,,,,,,,24.0,,,
41,2020-03-11,90:117,148:122,bus,,,,,,,,,,,,,,,,11.0,,,,,,
41,2020-03-11,90:117,157:129,bus,,,,,,,,,,,,,,,,,53.0,,,,,
41,2020-03-11,90:117,157:129,private_transport,,,,,,,,,,,,,,,,,10.0,,,,,
41,2020-03-11,90:117,110:168,bus,,,,,,,23.0,,,,,,,,,,,,,,,
41,2020-03-11,90:117,114:156,private_transport,,,,,,,,,,,,,,,,,,,14.0,,,
41,2020-03-11,90:117,104:202,private_transport,,,,,,,,,,,,,,,,,,,10.0,,,
41,2020-03-11,90:117,147:123,bus,,,,,,,,,,,,,,,,,,,12.0,,,
41,2020-03-11,90:117,147:123,private_transport,,,,,,,,,,,,,,,,,,,10.0,,,
41,2020-03-11,90:117,132:138,bus,,,,,,,13.0,,,,,,,,,,,,,,,
41,2020-03-11,90:117,50:412,private_transport,,,,,,,,,,,,,,,,28.0,,,,,,
41,2020-03-11,90:117,93:114,bus,,,,,,,,,,,,,,,,,,,,19.0,,
41,2020-03-11,90:117,106:208,bus,,,,,,,,,,,,,,,,,,,10.0,,,
41,2020-03-11,90:117,106:208,private_transport,,,,,,,,,,,,,,,,,,,14.0,,,
41,2020-03-11,90:117,112:158,private_transport,,,,,,,,,,,,,,,,,,,10.0,,,
41,2020-03-11,91:116,128:142,private_transport,,,,,,,11.0,,,,,,,,,,,,,,,
41,2020-03-11,91:116,156:130,bus,,,,,,,,,,,,,,,,10.0,,,,,,
41,2020-03-11,91:116,83:108,bus,,,,,,,16.0,,,,,,,,,,,,,,,
41,2020-03-11,91:116,140:146,bus,,,,,,,,,,,,,,10.0,,,19.0,,,,,
41,2020-03-11,91:116,140:146,private_transport,,,,,,,,,,,,,,12.0,,,,,,,,
41,2020-03-11,91:116,141:145,bus,,,,,,,,,,,,,,,,,21.0,,,,,
41,2020-03-11,91:116,87:104,bus,,,,,,,,24.0,,,,,,,,,,,,,,
41,2020-03-11,91:116,118:152,bus,,,,,,,,,,,,,14.0,,,,,,,,,
41,2020-03-11,91:116,118:152,private_transport,,,,,,,,,,,,,14.0,,,,,,,,,
41,2020-03-11,91:116,95:112,bus,,,,,,,,,,,,,16.0,,,,,,,,,
41,2020-03-11,91:116,116:154,bus,,,,,,,,,,,,,15.0,,,,,,,,,
41,2020-03-11,91:116,139:147,bus,,,,,,,,,,,,,12.0,12.0,,,,,,,,
41,2020-03-11,91:116,121:165,bus,,,,,,,,,,,,,,,20.0,,,,,,,
41,2020-03-11,91:116,121:165,private_transport,,,,,,,,,,,,,,,12.0,,,,,,,
41,2020-03-11,91:116,86:105,bus,,,,,,,,,,,,,,,10.0,,,,,,,
41,2020-03-11,91:116,91:116,bus,,,,,,,,13.0,,,,,,,,,,,,,,
41,2020-03-11,91:116,109:169,bus,,,,,,,10.0,,,,,,,,,,,,,,,
41,2020-03-11,91:116,155:131,bus,,,,,,,,,,,,,,,,10.0,,,,,,
41,2020-03-11,91:116,117:153,private_transport,,,,,,,,,,,,,11.0,,,,,,,,,
41,2020-03-11,91:116,146:124,private_transport,,,,,,,,,,,,,,,,,,,10.0,,,
41,2020-03-11,92:115,126:160,bus,,,,,,,,,,,17.0,,,,,,,,,,,
41,2020-03-11,92:115,126:160,private_transport,,,,,,,,,,,12.0,,,,,10.0,,,,,,
41,2020-03-11,92:115,83:108,bus,,,,,,,,,,,,,,,,,,,,,11.0,
41,2020-03-11,92:115,101:205,private_transport,,,,,,,,,,,,,,,,,,,10.0,,,
41,2020-03-11,92:115,140:146,bus,,,,,,,,,,,,,,25.0,,,,,,,,
41,2020-03-11,92:115,141:145,bus,,,,,,,,,,,,,,25.0,,,,,,,,
41,2020-03-11,92:115,141:145,private_transport,,,,,,,,,,,,,,18.0,,,,,,,,
41,2020-03-11,92:115,90:117,bus,,,,,,,,,10.0,,27.0,,,,,,,,,,,
41,2020-03-11,92:115,139:147,bus,,,,,,,,,,,,,,18.0,,,10.0,,,,,
41,2020-03-11,92:115,121:165,bus,,,,,,,,,,,,,,,11.0,,,,,,,
41,2020-03-11,92:115,121:165,private_transport,,,,,,,,,,,,,,,11.0,,,,,,,
41,2020-03-11,92:115,110:168,bus,,,,,,,11.0,,,,,,,,,,,,,,,
41,2020-03-11,92:115,146:124,private_transport,,,,,,,,,,,,,,,,,,,16.0,,,
41,2020-03-11,93:114,83:108,bus,,,,,,,,,,,,,,,,,,,10.0,,,
41,2020-03-11,93:114,134:136,private_transport,,,,,,10.0,,,,,,,,,,,,,,,,
41,2020-03-11,93:114,109:169,bus,,,,,,,,,,,,,,,,,,,11.0,,,
41,2020-03-11,93:114,145:125,bus,,,,,,36.0,,,,,,,,,,,,,,,,
41,2020-03-11,93:114,145:125,private_transport,,,,,,12.0,,,,,,,,,,,,,,,,
41,2020-03-11,93:114,127:159,bus,,,,,,,,,,,,,,,,,,,13.0,,,
41,2020-03-11,93:114,155:131,bus,,,,,,12.0,,,,,,,,,,,,,,,,
41,2020-03-11,94:113,135:135,private_transport,,,,,,,,,,,,,,,12.0,,,,,,,
41,2020-03-11,94:113,145:125,bus,,,,,,19.0,,,,,,,,,,,,,,,,
41,2020-03-11,94:113,145:125,private_transport,,,,,,10.0,,,,,,,,,,,,,,,,
41,2020-03-11,94:113,155:131,private_transport,,,,,,10.0,,,,,,,,,,,,,,,,
41,2020-03-11,95:112,126:160,private_transport,,,,,,13.0,,,,,,,,,,,,,,,,
41,2020-03-11,95:112,143:143,private_transport,,,,,10.0,,,,,,,,,,,,,,,,,
41,2020-03-11,95:112,83:108,bus,,,,,35.0,,,,,,,,,,,,,,,,,
41,2020-03-11,95:112,97:102,bus,,,,,,10.0,,,,,,,,,,,,,,,,
41,2020-03-11,95:112,97:102,private_transport,,,,,,28.0,,,,,,,,,,,,,,,,
41,2020-03-11,95:112,130:140,bus,,,,,,,,,14.0,,,,,,,,,,,,,
41,2020-03-11,95:112,152:134,bus,,,,,,,,,,,,,,13.0,,,,,,,,
41,2020-03-11,95:112,118:152,bus,,,,,,,14.0,,,,,,,,,12.0,,,,,,
41,2020-03-11,95:112,118:152,private_transport,,,,,,,16.0,,,,,,,,,,,,,,,
41,2020-03-11,95:112,95:112,bus,,,,,,,17.0,,,,,,,,,,,,27.0,,,
41,2020-03-11,95:112,116:154,bus,,,,,,,23.0,,,,,,,,,,,,,,,
41,2020-03-11,95:112,116:154,private_transport,,,,,,,19.0,,,,,,,,,,,,,,,
41,2020-03-11,95:112,139:147,bus,,,,,,,16.0,11.0,,,,,,,,,,,,,,
41,2020-03-11,95:112,154:132,bus,,,,,,,,,27.0,,,,,,,,,,,,,
41,2020-03-11,95:112,154:132,private_transport,,,,,,,,,14.0,,,,,,,,,,,,,
41,2020-03-11,95:112,109:169,bus,,,,,13.0,,,,,,,,,,,,,,,,,
41,2020-03-11,95:112,109:169,private_transport,,,,,11.0,,,,,,,,,,,,,,,,,
41,2020-03-11,95:112,153:133,bus,,,,,,,,,,,,,,11.0,,,,,,,,
41,2020-03-11,95:112,98:217,bus,,,,,,,,,,,,,12.0,,,,,,,,,
41,2020-03-11,95:112,110:168,bus,,,,,,,,,,,,,61.0,,,,,,,,,
41,2020-03-11,95:112,110:168,private_transport,,,,,,,,,,,,,11.0,,,,,,,,,
41,2020-03-11,95:112,113:157,bus,,,,,,,,,,,,,,,,,,,17.0,,,
41,2020-03-11,95:112,117:153,bus,,,,,,,13.0,,,,,,,,,,,,12.0,,,
41,2020-03-11,95:112,132:138,private_transport,,,,,,,,,,,,,,,,,,,12.0,,,
41,2020-03-11,95:112,149:121,private_transport,,,,,,,,,,,,,11.0,,,,,,,,,
41,2020-03-11,95:112,129:141,bus,,,,,,,,,10.0,,,,,,,,,,,,,
41,2020-03-11,95:112,115:155,private_transport,,,,,,,10.0,,,,,,,,,,,,,,,
41,2020-03-11,96:111,158:128,bus,,,,,,,,,,,24.0,,,,,,,,,,,
41,2020-03-11,96:111,87:104,bus,,,,,,,,,,,11.0,,,,,,,,,,,
41,2020-03-11,96:111,87:104,private_transport,,,,,,,,,,,,,,,,11.0,,,,,,
41,2020-03-11,96:111,121:165,bus,,,,,,,,,,,,,,,,,,,16.0,,,
41,2020-03-11,96:111,121:165,private_transport,,,,,,,,,,,,,,,,,,,14.0,,,
41,2020-03-11,96:111,84:107,bus,,,,,,,,,,,27.0,,,,,,,,10.0,,,
41,2020-03-11,96:111,84:107,private_transport,,,,,,,,,,,,,,,,,,,11.0,,,
41,2020-03-11,96:111,96:111,bus,,,,,,,,,13.0,,,,,,,,,,,,,
41,2020-03-11,96:111,85:106,bus,,,,,,,,,,,20.0,,,,,,,,,,,
41,2020-03-11,97:102,103:203,private_transport,,,,,,,,10.0,,,,,,,,,,,,,,
41,2020-03-11,97:102,126:160,bus,,,,,,,,,,103.0,,24.0,13.0,,,,,,13.0,,,
41,2020-03-11,97:102,126:160,private_transport,,,,,,,15.0,,,39.0,,,,,,,,,,,,
41,2020-03-11,97:102,83:108,bus,,,,,,,,,,,,,,,,,,,16.0,,,
41,2020-03-11,97:102,97:102,bus,,,,,,,,,14.0,73.0,,128.0,77.0,,,,,,,,,
41,2020-03-11,97:102,97:102,private_transport,,,,,,,,,,34.0,,11.0,38.0,,,,,,,,,
41,2020-03-11,97:102,64:306,bus,,,,,,,,,,,,,12.0,,,,,,,,,
41,2020-03-11,97:102,152:134,bus,,,,,,,39.0,48.0,,,,,,,,,,,,,,
41,2020-03-11,97:102,152:134,private_transport,,,,,,,33.0,,,10.0,,,,,,,,,,,,
41,2020-03-11,97:102,87:104,bus,,,,,,,,,,,,,,,,11.0,,,,,,
41,2020-03-11,97:102,90:117,bus,,,,,,,,,,27.0,,,,,,,,,,,,
41,2020-03-11,97:102,90:117,private_transport,,,,,,,,,,15.0,,,,,,,,,,,,
41,2020-03-11,97:102,95:112,bus,,,,,,,,,,,,,,,,,,,10.0,,,
41,2020-03-11,97:102,95:112,private_transport,,,,,,,,,,,,,,,,,,,10.0,,,
41,2020-03-11,97:102,139:147,bus,,,,,,,10.0,,,,,,,,,,,,,,,
41,2020-03-11,97:102,121:165,bus,,,,,,,,,,,,18.0,,46.0,26.0,,,,,,,
41,2020-03-11,97:102,121:165,private_transport,,,,,,,,,,,,35.0,,18.0,31.0,,,,,,,
41,2020-03-11,97:102,154:132,bus,,,,,,,13.0,11.0,,,,,,,,,,,,,,
41,2020-03-11,97:102,154:132,private_transport,,,,,,,10.0,,,,,,,,,,,,,,,
41,2020-03-11,97:102,84:107,bus,,,,,,,,,,,,,,24.0,,,,,,,,
41,2020-03-11,97:102,84:107,private_transport,,,,,,,,,,,,,,,22.0,,,,,,,
41,2020-03-11,97:102,86:105,bus,,,,,,,,,,,,14.0,,28.0,17.0,,,,,,,
41,2020-03-11,97:102,86:105,private_transport,,,,,,,,,,,,,,,16.0,,,,,,,
41,2020-03-11,97:102,94:113,bus,,,,,,,,12.0,,,,,,,,,,,,,,
41,2020-03-11,97:102,137:149,private_transport,,,,,,,,,,,,,,,13.0,,,,,,,
41,2020-03-11,97:102,145:125,bus,,,,,,,,,,,,,,,,66.0,,,,,,
41,2020-03-11,97:102,145:125,private_transport,,,,,,,,,,,,,,,,27.0,,,,,,
41,2020-03-11,97:102,150:120,bus,,,,,,,,,,,,,,,,12.0,,,,,,
41,2020-03-11,97:102,153:133,bus,,,,,,,13.0,31.0,,,,,,,,,,,,,,
41,2020-03-11,97:102,153:133,private_transport,,,,,,,15.0,,,,,,,,,,,,,,,
41,2020-03-11,97:102,160:110,bus,,,,,,,,,,14.0,,,,,15.0,,,,,,,
41,2020-03-11,97:102,160:110,private_transport,,,,,,,,,,,,,,,12.0,,,,,,,
41,2020-03-11,97:102,98:217,bus,,,,,,,,,,29.0,,,,,,,,,,,,
41,2020-03-11,97:102,98:217,private_transport,,,,,,,,,,16.0,,,,,,,,,,,,
41,2020-03-11,97:102,127:159,bus,,,,,,,,16.0,,34.0,,,,,,,,,15.0,,,
41,2020-03-11,97:102,127:159,private_transport,,,,,,,24.0,,,,,,,,,,,,12.0,,,
41,2020-03-11,97:102,155:131,bus,,,,,,,,,,,,,,,,22.0,,,,,,
41,2020-03-11,97:102,155:131,private_transport,,,,,,,,,,,,,,,,12.0,,,,,,
41,2020-03-11,97:102,110:168,bus,,,,,,,,,,61.0,,,,,,,,,,,,
41,2020-03-11,97:102,110:168,private_transport,,,,,,,,,,67.0,,,,,,,,,,,,
41,2020-03-11,97:102,113:157,private_transport,,,,,,,,,,,,,,,,,,,12.0,,,
41,2020-03-11,98:217,126:160,bus,,,,,,,,,,,,55.0,,,14.0,,,,,,,
41,2020-03-11,98:217,126:160,private_transport,,,,,,,,,,,,21.0,,,17.0,,,,,,,
41,2020-03-11,98:217,128:142,bus,,,,,,,,,,,15.0,,,,,,,,,,,
41,2020-03-11,98:217,143:143,bus,,,,,12.0,,,,,,,,,,,,,,,,,
41,2020-03-11,98:217,143:143,private_transport,,,,,,,11.0,,,,,,,,,,,,,,,
41,2020-03-11,98:217,156:130,bus,,,,,,,,,,,,,,,,,11.0,,,,,
41,2020-03-11,98:217,76:314,bus,,,,,,11.0,51.0,,,,,,,,,,,11.0,,,,
41,2020-03-11,98:217,76:314,private_transport,,,,,,,36.0,,20.0,,,,,,,,,,,,,
41,2020-03-11,98:217,83:108,bus,,,,,13.0,,,,,,18.0,,,,,,,11.0,,,,
41,2020-03-11,98:217,83:108,private_transport,,,,,,,13.0,,,,,,14.0,,,,,,,,,
41,2020-03-11,98:217,97:102,bus,,,,,,,,,,,,10.0,,,,,,,,,,
41,2020-03-11,98:217,140:146,bus,,,,,,,,,13.0,,,,,,,,,,,,,
41,2020-03-11,98:217,141:145,bus,,,,,,,,,10.0,,,,,,,,,,,,,
41,2020-03-11,98:217,141:145,private_transport,,,,,,,,,11.0,,,,,,,,,,,,,
41,2020-03-11,98:217,152:134,bus,,,,,,,,10.0,,,,,,,,,,,,,,
41,2020-03-11,98:217,87:104,bus,,,,,,,,,,,,,,,,17.0,,,,,,
41,2020-03-11,98:217,90:117,bus,,,,,,10.0,,,,,,19.0,,,11.0,,,,,,,
41,2020-03-11,98:217,121:165,bus,,,,,,,,,,,10.0,,,,,,,,,,,
41,2020-03-11,98:217,154:132,bus,,,,,,,,26.0,,,,,,,,,,,,,,
41,2020-03-11,98:217,92:115,bus,,,,,,,,,,,,,,,,10.0,,,,,,
41,2020-03-11,98:217,109:169,bus,,,,,,,,,,,,,,,,,14.0,,,,,
41,2020-03-11,98:217,145:125,private_transport,,,,,,,,,11.0,,,,,,,,,,,,,
41,2020-03-11,98:217,159:127,bus,,,,,,31.0,,,,,,,,,,,,,,,,
41,2020-03-11,98:217,47:320,private_transport,,,,,,,,,20.0,,,,,,,,,,,,,
41,2020-03-11,98:217,61:413,private_transport,,,,,,,,,,,,,,,,,36.0,,,,,
41,2020-03-11,98:217,89:118,bus,,,,,,,,17.0,,,,,,,,,,,,,,
41,2020-03-11,98:217,89:118,private_transport,,,,,,,,13.0,,,,,,,,,,,,,,
41,2020-03-11,98:217,98:217,bus,,,,,,,11.0,,,,14.0,,,,,,13.0,,,,,
41,2020-03-11,98:217,99:101,bus,,,,,,,,,25.0,,,,,,,,,,,,,
41,2020-03-11,98:217,99:101,private_transport,,,,,,,,,20.0,,,,,,,,,,,,,
41,2020-03-11,98:217,85:106,bus,,,,,,14.0,,,,,,,,,,,,,,,,
41,2020-03-11,98:217,129:141,bus,,,,,,,,12.0,,,,,,,,,,,,,,
41,2020-03-11,99:101,135:135,bus,,,,,,,,,,,,,,,,,,,40.0,,,
41,2020-03-11,99:101,135:135,private_transport,,,,,,,,,,,,,,,,,,,25.0,,,
41,2020-03-11,99:101,134:136,bus,,,,,,,,,,,,,,,,,,,12.0,,,
41,2020-03-11,99:101,116:154,bus,,,,,,,,,,,,,,,,,,,15.0,,,
41,2020-03-11,99:101,61:413,bus,,,,,,,,,,,,,71.0,,,,,,,,,
41,2020-03-11,99:101,61:413,private_transport,,,,,,,,,,,,,16.0,,,,,,,,,
